AGE00147716, [(1880, NaN, 240.51912),(1881, 110.37086, 228.62405),(1882, 102.51507, 226.85475),(1883, 91.61357, 231.71591),(1884, 128.09563, 219.10655),(1885, 135.46405, 232.78758),(1886, 132.72981, 223.22034),(1887, 130.95212, 220.19774),(1888, 131.26404, 217.16292),(1889, 124.07079, 214.40828)]
AJ000037735, [(1882, 96.552284, 210.93465)]
AM000037789, [(1886, 45.172604, NaN),(1887, 49.21644, NaN),(1888, -15.262295, NaN),(1889, 62.764385, NaN)]
ASN00015540, [(1880, 124.642075, 306.51093),(1881, 133.05205, 303.5589),(1882, 133.5726, 284.91507),(1883, 120.37637, 298.05753),(1884, 126.748634, 299.66394),(1885, 118.48901, 296.68494),(1886, 124.30685, 295.1868),(1887, 122.473976, 289.9041),(1888, 133.2555, 301.22678),(1889, 139.1589, 301.21368)]
ASN00076077, [(1889, 96.86139, 225.26237)]
AU000011801, [(1880, 36.85519, 136.96721),(1881, 36.147945, 131.01918),(1882, 37.827396, 136.11234),(1883, 31.964384, 125.83562),(1884, 44.5, 126.22131),(1885, 40.764385, 132.46849),(1886, 46.575344, 130.83014),(1887, 39.4274, 118.0),(1888, 42.087433, 120.05191)]
CA003034480, [(1883, 63.566666, 97.166664),(1884, -19.391535, 92.45082),(1885, -17.134247, 129.39178),(1886, -18.89863, 123.89863),(1887, -39.208218, 96.55617),(1888, -23.120218, 105.97814),(1889, -8.558904, 134.2274)]
CA003072145, [(1880, -97.4153, 50.225273),(1881, -78.27123, 59.843834),(1882, -81.192635, 70.7726),(1884, -4.292887, 141.57741),(1886, -114.51462, 34.77193)]
CA004016320, [(1883, -18.30841, 102.962616),(1884, -70.481895, 48.51532),(1885, -50.635616, 65.969864),(1886, -53.12055, 74.224655),(1887, -68.13151, 53.153423),(1888, -55.800545, 58.77869),(1889, -34.589043, 102.89315)]
CA005022547, [(1880, -65.80601, 62.448086),(1881, -53.50411, 77.06027),(1882, -77.54605, 57.36842),(1883, -87.62192, 52.69863),(1884, -76.96722, 57.407104),(1885, -52.689045, 78.85159)]
CA005022790, [(1880, -59.58172, 63.96338),(1881, -39.513042, 105.46667),(1882, NaN, 77.98521),(1883, -68.53221, 46.39172),(1884, -62.246574, 59.87123),(1885, -71.55525, 67.57618),(1886, -60.035713, 75.50824),(1887, -70.20822, 65.246574),(1888, -61.401638, 69.58197),(1889, -44.443836, 100.1863)]
CA005063350, [(1880, -133.3306, -43.904373),(1881, -118.652054, -18.378082),(1882, -106.68219, -4.169863),(1883, -220.98802, -130.67665),(1885, -177.60869, -117.815216),(1886, -125.30137, -39.515068),(1887, -150.4274, -60.70411),(1888, -133.92896, -53.404373),(1889, -115.25944, -22.301888)]
CA006057595, [(1889, 24.04, 130.725)]
CA006100969, [(1885, 28.350994, 122.5894),(1886, 14.738161, 113.68784)]
CA006101872, [(1880, 8.969945, 121.81694),(1881, 14.136987, 120.79452),(1882, 6.6958904, 110.77808),(1883, -8.975343, 103.967125),(1884, 3.2103825, 109.748634),(1885, -6.90137, 97.46301),(1886, 1.4465753, 109.98901),(1887, -2.6904109, 108.22192)]
CA006110458, [(1889, -45.98361, 43.47541)]
CA006110605, [(1880, -17.177595, 104.934425),(1881, -12.126027, 116.79178),(1882, -18.528767, 103.29863),(1883, -38.99178, 84.863014),(1884, -22.355192, 95.34521),(1885, -32.09863, 80.13425),(1886, -21.421917, 92.67671),(1887, -26.257534, 97.28219),(1888, -26.595629, 84.10929),(1889, -1.5178082, 102.88493)]
CA006112171, [(1882, 13.204918, 94.483604),(1883, -0.7890411, 85.69315),(1884, 11.221918, 101.10685),(1885, -2.3041096, 86.47802),(1886, 10.537396, 103.06061),(1887, 9.069833, 106.052635),(1888, -1.5534247, 93.4533),(1889, 18.220057, 111.63408)]
CA006116128, [(1880, 15.786885, 117.68033),(1881, 20.136986, 128.03014),(1882, 9.167123, 110.48219),(1883, -14.199446, 92.14681),(1884, -6.5027323, 101.21096),(1885, -24.057692, 84.68407),(1886, 4.8514853, 102.30363),(1887, -10.437674, 113.367546),(1888, 10.626865, 109.83283),(1889, 12.386301, 111.76438)]
CA006122845, [(1880, 39.63388, 119.19125),(1881, 36.550686, 119.78356),(1882, 41.02466, 119.369865),(1883, 17.027397, 102.454796),(1884, 29.07104, 112.60929),(1885, 10.950685, 97.89863),(1886, 23.065754, 108.66027),(1887, 24.361645, 112.69589)]
CA006140941, [(1881, 74.35249, 202.05344),(1882, 21.991428, 131.89429),(1883, -42.121212, 69.742424),(1884, 8.786704, 127.65928),(1885, -4.590909, 111.22159),(1886, 27.87037, 127.10364),(1887, 17.0277, 135.67787),(1888, 6.590659, 122.57576),(1889, -34.206665, 74.63333)]
CA006144505, [(1883, 27.326797, 139.52287),(1884, 13.167123, 119.95342),(1885, 1.5041096, 103.79726),(1886, 14.578082, 116.37534),(1887, 17.873972, 120.44109),(1888, 10.565574, 110.13661),(1889, 27.553425, 126.542465)]
CA006147340, [(1888, -57.064518, 10.32258),(1889, 21.019178, 125.99726)]
CA006158350, [(1880, 30.918034, 118.86066),(1881, 32.931507, 124.2137),(1882, 31.076712, 117.89315),(1883, 6.4027395, 100.95616),(1884, 16.516394, 111.07104),(1885, 4.287671, 98.61644),(1886, 18.032877, 110.0274),(1887, 19.356165, 114.60548),(1888, 13.606558, 105.748634),(1889, 32.70411, 118.75069)]
CA006163156, [(1888, 26.438095, 145.69048),(1889, -4.002747, 108.51781)]
CA007056067, [(1880, -29.204918, 62.387978),(1881, -22.336088, 67.30303),(1882, -31.767124, 57.791782),(1883, -43.92603, 55.663013),(1884, -43.811474, 51.174862),(1885, -29.176811, 52.09863),(1886, -29.775343, 57.838356),(1887, -36.9863, 50.09863),(1888, -36.224045, 48.956284),(1889, -19.408218, 66.435616)]
CA008101700, [(1880, -17.188524, 110.69399),(1881, -5.1643834, 108.969864),(1882, -17.356165, 103.88493),(1883, -30.172604, 99.86849),(1884, -17.846994, 101.565575),(1885, -21.547945, 104.68767),(1886, -10.268493, 104.331505),(1887, -15.575342, 98.77808),(1888, -14.062841, 93.02459),(1889, 5.10137, 116.071236)]
CA008206490, [(1880, 21.871233, 111.58904),(1881, 27.804533, 104.75429),(1882, 22.569014, 91.75072),(1883, 16.50685, 93.39726),(1884, 26.10929, 98.34153),(1885, 25.517809, 107.08646),(1886, 18.291067, 111.357956),(1887, 19.087671, 106.479454),(1888, 22.661201, 91.90164),(1889, 42.11507, 117.19726)]
CA008300441, [(1880, -9.581967, 91.172134),(1881, -2.7793295, 86.62011),(1882, -10.746439, 82.80627),(1883, -17.50685, 88.24931),(1884, -14.071038, 80.57104),(1885, -9.824657, 91.72877),(1886, -4.082192, 96.79726),(1887, -11.876713, 88.84657),(1888, -11.238357, 82.36612),(1889, 8.6, 110.42466)]
CA008403500, [(1880, 0.04918033, 83.49727),(1881, 0.84109586, 83.75069),(1882, -6.120548, 88.59178),(1883, -7.2016573, 106.23967),(1884, -11.0847, 80.748634),(1885, 7.293151, 88.99178),(1886, 9.115068, 96.6),(1887, 1.0739726, 89.90959),(1888, 3.2950819, 80.008194),(1889, 22.944134, 111.832405)]
RSM00023804, [(1888, -4.817844, NaN),(1889, -29.395605, NaN)]
RSM00027857, [(1881, -29.468843, NaN),(1882, -7.5424657, NaN),(1883, -11.347945, NaN),(1884, -21.36612, NaN),(1887, -7.687671, NaN)]
RSM00029348, [(1887, 94.0, 247.0)]
UK000000000, [(1880, NaN, 64.0),(1881, 48.887672, 122.83014),(1882, 57.91507, 131.55617),(1883, 52.208218, 128.32329),(1884, 59.46175, 137.51093),(1885, 47.460274, 124.457535),(1886, 51.739727, 122.879456),(1887, 42.39726, 123.74795),(1888, 47.765026, 117.1776),(1889, 54.33151, 126.22192)]
UPM00033910, [(1885, 53.484932, NaN),(1886, 56.923286, NaN),(1887, 62.265755, NaN),(1889, 52.545456, NaN)]
UPM00033946, [(1886, 87.04082, NaN),(1887, 58.667656, NaN),(1888, 51.885715, NaN),(1889, 57.970238, NaN)]
USC00023096, [(1883, 161.49382, 306.65433),(1889, 118.9012, 212.73952)]
USC00035186, [(1884, 121.38271, 291.18408),(1885, 167.5, 297.67596),(1886, 180.42406, 301.61584),(1887, 163.37878, 300.29892),(1888, 164.17877, 300.51956),(1889, 131.08879, 260.11215)]
USC00043157, [(1880, NaN, 150.98907),(1881, NaN, 179.92603),(1882, 23.240816, 184.34058),(1883, -10.257534, 170.49042),(1884, 15.836065, 151.80055),(1885, 41.773026, 180.92763),(1886, 28.980822, 159.52307),(1887, 20.432877, 164.04109),(1888, 27.811476, 172.76776),(1889, 28.41096, 175.0)]
USC00194012, [(1885, 6.687845, 154.675),(1888, 27.40196, 168.00333)]
USC00194405, [(1885, 114.17391, 183.22826),(1886, 120.179344, 194.80978),(1887, 123.88587, 191.52718)]
USC00195317, [(1887, -16.368422, 81.02631),(1888, -85.853935, 16.786516)]
USC00196988, [(1884, -52.205883, 1.3055556),(1885, 19.796143, 102.3489),(1886, 31.027473, 111.13151),(1887, 24.901098, 107.08493),(1888, 15.382514, 92.37431),(1889, -20.413044, 50.108696)]
USC00241418, [(1882, -78.0, -11.0)]
USC00260507, [(1887, -13.340659, 91.17583),(1888, 33.345303, 163.19945),(1889, 17.314686, 175.13637)]
USC00266252, [(1888, 14.446023, 183.33879),(1889, 6.7981653, 198.57808)]
USC00301010, [(1880, 48.650272, 121.909836),(1881, 45.054794, 124.66027),(1882, 46.91507, 119.23562),(1883, 30.59726, 114.753426),(1884, 37.54918, 119.669395),(1885, 27.69041, 108.16438),(1886, 40.449314, 120.83562),(1887, 42.515068, 126.99726),(1888, 32.96448, 108.93989),(1889, 49.484932, 119.78356)]
USC00422996, [(1887, -378.2903, -44.612904),(1888, -44.893444, 164.74316),(1889, -5.3808217, 153.46849)]
USC00431072, [(1883, NaN, -5.032258),(1884, -66.71094, 110.8871),(1885, -92.90266, 116.54573),(1886, -65.13281, 89.939285),(1887, -73.12037, 92.36531),(1888, -83.291664, 101.80124),(1889, -44.408, 118.71096)]
USC00463100, [(1882, -14.107142, 97.78571)]
USC00475484, [(1880, 40.92623, 128.12296),(1881, 42.10411, 121.76986),(1882, 48.40274, 124.89315),(1883, 22.345205, 106.33698),(1884, 26.032787, 110.49727),(1885, 12.961644, 99.65753),(1886, 25.39726, 115.37808),(1887, 28.30137, 117.12603),(1888, 22.106558, 105.00546),(1889, 39.01096, 118.32329)]
USW00013724, [(1880, 77.79508, 157.96721),(1881, 79.68767, 150.90959),(1882, 76.27671, 149.9452),(1883, 68.964386, 143.73698),(1884, 76.53278, 152.3825),(1885, 65.7863, 145.06575),(1886, 69.33973, 148.01643),(1887, 75.583565, 150.29863),(1888, 65.172134, 143.77869),(1889, 80.646576, 146.22192)]
