AGE00147705, [(1886, NaN, 154.0),(1887, 145.2, 228.22778),(1888, 149.34616, 224.32417),(1889, 144.26666, 220.39105)]
AGE00147711, [(1886, 110.66888, 227.06271),(1887, 93.927574, 215.0),(1888, 92.556816, 203.81088),(1889, 88.80878, 197.95732)]
ASN00023000, [(1887, 114.34884, 208.61739),(1888, 121.3224, 227.65027),(1889, 120.32055, 217.01643)]
ASN00040214, [(1887, 149.93681, 245.0137),(1888, 148.58743, 256.7787),(1889, 160.23013, 255.94795)]
ASN00066062, [(1880, 133.54918, 208.04918),(1881, 130.89041, 204.21645),(1882, 135.8137, 211.42192),(1883, 129.81644, 206.47124),(1884, 135.60109, 211.74043),(1885, 137.92877, 215.85205),(1886, 136.74246, 212.3863),(1887, 138.2274, 202.79178),(1888, 133.75069, 209.0822),(1889, 143.0685, 207.27672)]
CA001101530, [(1881, 57.593273, 149.3364)]
CA004040420, [(1880, -102.40964, 62.441597),(1881, -102.262856, 40.462856),(1882, -117.61224, 3.3265307),(1883, -196.55492, -58.609196),(1884, -107.42745, 8.662745),(1885, -290.07144, -188.71428),(1886, -119.77778, -0.11111111)]
CA004056230, [(1884, -163.15842, -14.237624),(1885, -108.13169, 43.5679),(1886, -112.331474, 63.774372),(1887, -88.30258, 65.12177),(1888, -119.921875, 113.52631),(1889, -69.85475, 86.452515)]
CA005030556, [(1889, 37.0, 82.468925)]
CA0050520EE, [(1889, -184.55737, NaN)]
CA006059475, [(1888, -199.5, -49.227272),(1889, -63.40274, 75.520546)]
CA006068148, [(1887, -1.7933885, 137.39304),(1888, -287.14816, 77.61739),(1889, 1.9743589, 105.82934)]
CA006120315, [(1882, 17.721312, 113.64754),(1883, 7.7799444, 110.289696),(1884, 10.54, 115.298),(1885, -0.13424657, 105.117805),(1886, 14.052054, 121.117805),(1887, 18.087912, 124.91209),(1888, 8.270492, 112.69399),(1889, 25.375343, 123.16438)]
CA006127887, [(1880, 18.505495, 113.56593),(1881, 14.786302, 114.87123),(1882, 16.347944, 114.309586),(1883, -5.5863013, 96.04658),(1884, 3.3797815, 106.20765),(1885, -10.027397, 91.70685),(1886, 9.504109, 103.09041),(1887, 5.071233, 105.652054),(1888, 0.6885246, 95.174866),(1889, 21.457535, 113.58904)]
CA006131388, [(1889, 43.743904, 166.10976)]
CA006136335, [(1889, 33.011765, 88.4)]
CA006141843, [(1880, -63.217392, 29.119566),(1881, 9.623627, 126.59504),(1882, 7.544199, 112.093925),(1883, -13.346154, 96.57025),(1884, -70.694916, 31.920454),(1885, -17.287672, 100.035614),(1886, 2.8136985, 110.67671),(1887, 2.8493152, 112.75069),(1888, -3.0409837, 102.84153),(1889, 13.243835, 117.879456)]
CA006152007, [(1882, 61.331684, 169.89163),(1883, -1.4022038, 110.36088),(1884, 10.487603, 119.435265),(1885, -1.4116023, 105.524864),(1886, 8.238889, 118.21111),(1887, 12.052631, 122.31025),(1888, 0.15846995, 115.008194),(1889, 20.150684, 128.2)]
CA007026465, [(1880, -5.803828, 128.24881),(1881, 37.530056, 151.53297),(1882, -16.892857, 97.89041),(1883, -33.89863, 92.36813),(1884, -19.501377, 100.98627),(1885, -36.172604, 94.180824),(1886, -27.254795, 104.51649),(1887, -29.975275, 99.72055),(1888, -30.449314, 89.199455),(1889, -4.3818684, 112.57143)]
CA008100990, [(1880, -20.519125, 101.30875),(1881, -11.057534, 100.58904),(1882, -20.30959, 94.052055),(1883, -30.745205, 91.646576),(1884, -22.873972, 88.76986),(1885, -22.20822, 96.62192),(1886, -11.627398, 99.926025),(1887, -22.10685, 98.117805),(1888, -19.325136, 90.19125),(1889, 6.9342465, 115.27671)]
CA008101170, [(1880, -11.28, 89.25288),(1881, -18.223164, 73.91292),(1882, -28.766016, 75.7933),(1883, -43.87569, 63.64917),(1884, -37.603306, 64.73351),(1885, -31.234636, 54.29044),(1886, -24.397758, 82.37255),(1887, -27.8098, 77.05764),(1888, -24.875, 72.86667),(1889, -12.80337, 91.76816)]
CA008101230, [(1880, -123.741936, -24.35484),(1888, -14.827868, 85.39071),(1889, 9.873973, 97.224655)]
CA008101920, [(1883, 42.33898, 132.70056),(1884, 13.775956, 99.34426),(1885, 9.772603, 97.06301),(1886, 17.11233, 105.36164),(1887, 8.649315, 102.3589),(1888, 4.7650275, 92.434425),(1889, 24.747946, 111.55068)]
CA008103825, [(1886, 32.08989, 151.1236),(1887, -11.937126, 100.267265),(1888, -25.114754, 56.098362),(1889, -8.589041, 101.523285)]
CA008206410, [(1880, -37.539474, 67.92105),(1881, 21.2849, 103.45426),(1882, 10.14325, 101.63461),(1883, -135.10527, 69.56425)]
CA008300298, [(1880, 3.2719781, 91.64561),(1881, 6.1452055, 89.75275),(1882, -1.1232877, 85.38356),(1883, -4.336986, 87.369865),(1884, -5.6065574, 84.617485),(1885, -0.07945205, 92.328766),(1886, -33.298344, 61.922653),(1888, 54.54348, 125.353264),(1889, 30.150684, 107.1726)]
CA008300430, [(1889, 35.3, 122.685715)]
CA008500500, [(1884, -9.974453, 34.30657),(1885, -23.15978, 16.7135),(1886, -26.05413, 17.592592),(1887, -38.31233, 5.9589043),(1888, -37.79235, 20.409836),(1889, -24.215117, 26.44186)]
DA000032030, [(1880, 53.3388, 102.08197),(1881, 41.052055, 87.39726),(1882, 61.72603, 107.42192),(1883, 50.780823, 96.60822),(1884, 57.434425, 105.65847),(1885, 53.153423, 100.08219),(1886, 52.536987, 104.00822),(1887, 51.49589, 99.649315),(1888, 41.52186, 83.6229),(1889, 50.057533, 96.37808)]
EGE00147726, [(1884, 105.76438, 247.49863),(1885, 129.30138, 252.01918),(1886, 117.07945, 246.60179)]
EGE00147732, [(1884, 131.21312, 267.06595),(1885, 155.81644, 272.23834),(1886, 155.03297, 269.69507),(1887, 160.44383, 278.4356),(1888, 159.10382, 274.67212),(1889, 157.96164, 277.3452)]
KZ000035188, [(1884, -8.494565, NaN),(1885, -45.017963, NaN)]
RSM00032061, [(1881, -45.53611, NaN),(1882, -40.58356, NaN),(1883, -54.70411, NaN),(1884, -68.382515, NaN),(1885, -64.02466, NaN),(1886, -44.843834, NaN),(1887, -53.52055, NaN),(1888, -48.35246, NaN),(1889, -66.36713, NaN)]
SZ000002220, [(1882, -49.336067, -3.3140495),(1883, -49.427746, 21.222544),(1884, -45.11078, 12.09009),(1885, -37.747253, 16.365385),(1886, -42.48895, 17.480663),(1887, -49.70879, 11.769231)]
USC00011685, [(1889, 180.14035, 310.8772)]
USC00030936, [(1883, 191.14815, 298.19418),(1884, 137.75, 296.73016),(1885, 187.56834, 307.05084),(1886, 176.38182, 298.97076),(1887, 215.51471, 326.09027),(1888, 193.86487, 302.6857),(1889, 174.54808, 279.0762)]
USC00134049, [(1883, 87.68727, 151.95636),(1884, 58.152237, 119.522385),(1885, 33.263012, 93.542465),(1886, 47.446575, 112.071236),(1887, 44.40274, 111.85754),(1888, -189.80646, -121.41936)]
USC00172740, [(1886, 5.814815, 125.08389),(1887, -3.9461756, 123.904625),(1888, -10.634349, 103.85165),(1889, 22.451612, 161.29033)]
USC00190830, [(1889, 64.753426, 146.65753)]
USC00193110, [(1885, 51.282722, 172.6178),(1886, 20.140057, 136.18384),(1887, 7.976109, 117.36054),(1888, -12.824074, 108.50309),(1889, 30.27095, 140.18056)]
USC00194295, [(1885, 41.29752, 132.67493),(1886, 45.97808, 128.73698),(1887, 51.4137, 132.56987),(1888, 42.01366, 123.800545),(1889, 67.16712, 135.7726)]
USC00194313, [(1885, 146.09677, 241.45161),(1889, 45.137363, 146.18356)]
USC00194340, [(1885, -40.16129, 117.00833),(1886, 32.420895, 133.59178),(1887, 12.613699, 133.9233),(1888, -0.027322404, 119.79235),(1889, 25.646576, 139.00548)]
USC00194760, [(1885, 42.36986, 129.07397),(1886, 37.485596, 121.65432),(1887, -47.372883, 38.260506)]
USC00198960, [(1885, 78.86631, 201.85715),(1886, 34.987095, 155.86996),(1887, 25.355421, 146.10919),(1888, 15.333333, 136.84985),(1889, 44.528427, 147.65814)]
USC00200718, [(1888, -33.0, 72.0)]
USC00201744, [(1889, 63.459015, 176.40984)]
USC00205065, [(1888, 59.179348, 130.55435),(1889, 32.90411, 104.93973)]
USC00241008, [(1880, 72.0, 239.0)]
USC00263040, [(1888, -34.066666, 117.68965),(1889, 27.201117, 179.22128)]
USC00268761, [(1887, -60.64516, 74.19231),(1889, 82.96847, 187.94118)]
USC00270690, [(1886, 11.895238, 162.55289),(1887, -29.220995, 123.35714),(1888, -29.629835, 104.121544),(1889, 25.65569, 146.64671)]
USC00275712, [(1885, -10.945652, 89.891304),(1886, 21.852055, 144.3452),(1887, 19.709589, 137.63835),(1888, 17.167164, 135.17612),(1889, 35.80548, 148.64932)]
USC00287865, [(1880, 81.63115, 127.065575),(1881, 81.94247, 157.34247),(1882, 80.180824, 149.39452),(1883, 81.97033, 155.57567),(1884, 76.989075, 152.55464),(1885, 67.0137, 147.92603),(1886, 83.51497, 141.51198)]
USC00331662, [(1880, 57.42623, 143.30328),(1881, 58.27671, 139.27124),(1882, 56.279453, 138.2),(1883, 41.865753, 132.32877),(1884, 48.153004, 137.58743),(1885, 36.364384, 124.70685),(1886, 44.6, 136.70685),(1887, 49.230137, 141.47945),(1888, 47.06011, 132.73224),(1889, 59.80548, 140.64658)]
USC00363711, [(1888, 89.90761, 172.52174),(1889, 69.564384, 153.26575)]
USC00444876, [(1889, 91.799065, 215.83177)]
USC00462735, [(1889, 105.152176, 166.54347)]
USC00485355, [(1881, 878.0, 44.0)]
USW00014971, [(1883, 103.61905, 194.4554),(1886, -23.824175, 92.86813),(1887, -76.078835, 98.51667),(1888, 29.879782, 152.22404),(1889, 30.7994, 172.43114)]
USW00024121, [(1888, -13.575091, 228.20879),(1889, -28.528767, 222.62192)]
USW00024157, [(1889, 31.348684, 149.05882)]
