AGE00147709, [(1884, 95.117485, 189.33018),(1885, 97.690414, 197.72754),(1886, 96.87671, 182.85556),(1887, 96.29589, 183.53424),(1888, 97.2967, 176.82967),(1889, 90.91445, 174.68208)]
AGE00147715, [(1886, 99.94444, 227.25),(1887, 113.0, 266.73367),(1888, 93.30114, 238.87921),(1889, 88.66873, 237.90274)]
CA001066336, [(1886, 57.160378, 130.18224),(1887, 12.0172415, 90.64835),(1888, 33.37003, 104.36612),(1889, 37.2137, 115.30137)]
CA005011760, [(1880, NaN, -144.05882),(1881, -28.142046, 55.10685),(1882, -57.068493, 61.945206),(1883, -91.89589, 37.6),(1884, -83.21038, 45.008198),(1885, -80.29863, 54.81918),(1886, -79.19178, 69.032875),(1887, -86.02466, 57.515068),(1888, -76.510925, 58.174862),(1889, -52.91781, 100.69589)]
CA006085682, [(1887, -139.25807, -36.774193),(1888, -60.86711, 91.47176),(1889, -26.981133, 109.08962)]
CA006113000, [(1880, 0.13424657, 110.23014),(1881, 4.337912, 115.71703),(1882, 4.2335167, 107.68407),(1883, -17.20274, 93.23351),(1884, -4.9753423, 106.882195),(1885, -20.794521, 91.10989),(1886, -4.030137, 102.77808),(1887, -7.7162533, 114.449036),(1888, -17.63611, 98.075),(1889, 2.3287294, 116.65014)]
CA006124127, [(1880, 33.789474, 127.90884),(1881, -41.531467, 125.38028),(1882, NaN, 123.76572),(1883, 36.29655, 107.92614),(1884, 23.370474, 117.70752),(1885, 9.306358, 106.22543),(1886, 28.011976, 121.08084),(1888, 1.4325154, 99.77608),(1889, 29.501484, 121.19585)]
CA006124700, [(1886, 53.54673, 163.0939),(1887, 12.852055, 122.84657),(1888, 3.6346154, 110.99452),(1889, 22.254795, 124.0411)]
CA006136643, [(1880, 40.46448, 121.37978),(1881, 38.638355, 125.37808),(1882, 39.361645, 120.38356),(1883, 19.120548, 104.8137),(1884, 30.710382, 112.62569),(1885, 16.517809, 102.73151),(1886, 29.235617, 113.49589),(1887, 29.764383, 123.630135),(1888, 20.931694, 112.166664),(1889, 39.158905, 130.54521)]
CA006139445, [(1880, -3.1311476, 74.78704),(1881, 16.018518, 125.166664),(1882, -21.663935, 72.96722),(1883, 8.118457, 115.168045),(1884, 14.603352, 118.70112),(1885, 0.025568182, 103.529915),(1886, 18.483871, 119.6041)]
CA006155876, [(1882, 18.941177, 106.59664),(1883, 4.183562, 99.62912),(1884, 8.132232, 118.10989),(1885, -1.3424658, 107.40934),(1886, 10.265193, 113.174034),(1887, 9.301105, 117.49448),(1888, -30.008196, 70.040985),(1889, 20.575342, 121.56712)]
CA006165716, [(1880, 9.114369, 116.02933),(1882, 13.695652, 168.16049),(1884, 9.829091, 144.04727),(1885, -12.254098, 133.95901),(1886, -13.601719, 137.23279),(1887, -34.63014, 112.21918),(1888, -35.71947, 79.92079),(1889, 8.570605, 103.82493)]
CA007021952, [(1880, -22.707651, 88.28142),(1881, -17.464285, 89.09615),(1882, -31.09041, 74.55891),(1883, -45.676712, 68.860275),(1884, -29.803278, 78.330605),(1885, -36.868134, 80.36264),(1886, -30.28022, 82.70605),(1887, -37.665752, 77.3863),(1888, -37.17213, 65.98087),(1889, -17.038357, 90.83562)]
CA007024280, [(1888, -89.9, -3.6078432),(1889, -10.550595, 99.92308)]
CA007066688, [(1888, 5.7838826, 102.007324),(1889, -21.879452, 73.84657)]
FRE00104937, [(1880, NaN, 9990.0),(1881, NaN, 9990.0),(1882, NaN, 9990.0),(1883, NaN, 9990.0),(1884, NaN, 9990.0),(1885, NaN, 9990.0),(1886, NaN, 9990.0),(1887, NaN, 9990.0),(1888, NaN, 9990.0),(1889, NaN, 9990.0)]
GM000004063, [(1880, 42.65847, 127.47268),(1881, 37.88493, 118.67671),(1882, 44.105263, 131.51247),(1883, 43.945206, 130.5863),(1884, 46.418034, 136.42896),(1885, 40.59452, 135.47945),(1886, 46.71507, 139.7315),(1887, 29.6, 123.26028),(1888, 34.456284, 122.54645),(1889, 39.169865, 125.58082)]
GM000004204, [(1880, 33.636612, 149.81967),(1881, 24.578083, 130.90411),(1882, 43.254795, 141.0548),(1883, 36.852055, 134.29315),(1884, 41.453552, 140.35246),(1885, 31.421917, 132.49863),(1886, 33.676712, 138.39452),(1887, 25.569862, 123.42192),(1888, 29.453552, 127.34699),(1889, 34.49315, 129.04384)]
GME00121258, [(1888, -10.229508, 49.065575),(1889, 42.268494, 125.756165)]
GMW00035032, [(1880, 60.598362, 142.06284),(1881, 52.72329, 132.96439),(1882, 60.8, 136.4822),(1883, 58.39726, 136.8137),(1884, 64.76776, 144.83879),(1885, 53.80548, 133.75342),(1886, 60.561646, 140.96712),(1887, 48.10411, 125.40274),(1888, 50.177597, 124.224045),(1889, 57.12877, 130.27945)]
RSM00032071, [(1886, -64.20513, NaN),(1887, -69.23988, NaN),(1888, -63.98615, NaN),(1889, -81.04348, NaN)]
TX000038895, [(1889, 48.88889, NaN)]
USC00171100, [(1888, 30.797386, 117.51634),(1889, 35.864456, 133.11855)]
USC00172426, [(1889, 63.0, 124.8)]
USC00176902, [(1880, 48.833332, 135.32787),(1881, 51.019176, 131.18082),(1882, 47.221916, 131.46301),(1883, 33.98904, 125.42192),(1884, 44.617485, 130.39891),(1885, 30.627398, 121.649315),(1886, 26.616438, 111.904106),(1887, 26.547945, 110.627396),(1888, 19.030054, 101.08743),(1889, 42.66849, 119.59178)]
USC00191650, [(1885, 46.49589, 129.13425),(1886, 49.05234, 129.57025),(1887, 46.430138, 128.91232),(1888, 40.64754, 121.57104),(1889, 61.663013, 135.62466)]
USC00200146, [(1887, 48.490654, 176.39252),(1888, -0.07923497, 124.5),(1889, -13.750916, 118.63158)]
USC00260770, [(1889, 64.216324, 178.3755)]
USC00262030, [(1888, NaN, -140.16667)]
USC00262708, [(1888, 78.98897, 218.59708),(1889, 8.494012, 175.8388)]
USC00279307, [(1886, -21.58, 122.932884),(1887, -2.6460674, 111.61149),(1889, -12.453038, 127.11602)]
USC00298072, [(1880, -3.2786884, 149.8224),(1881, 41.410828, 173.97452),(1882, 32.950413, 163.71233),(1883, 3.9151516, 128.35152),(1884, -59.14706, 53.419353),(1885, 30.663013, 154.8548),(1886, 31.643835, 153.91232),(1887, 35.277473, 160.99452),(1888, 37.737705, 159.20547),(1889, 37.463013, 159.99725)]
USC00301207, [(1888, -72.577774, 116.054054)]
USC00319462, [(1880, 127.06284, 228.24043),(1881, 135.7096, 224.36713),(1882, 136.21918, 221.19179),(1883, 133.56987, 225.17809),(1884, 136.15027, 229.79782),(1885, 123.69589, 220.6274),(1886, 115.44109, 221.86028),(1887, 117.25205, 219.88219),(1888, 122.5, 217.54645),(1889, 127.90137, 216.0137)]
USC00343300, [(1880, 94.19399, 219.29234),(1881, 107.5863, 231.28693),(1882, 100.11539, 224.81319),(1883, 93.07025, 223.34297),(1884, 118.972824, 250.34782),(1885, 70.649315, 215.25479),(1886, 94.83562, 227.38904),(1887, 97.69315, 227.29588),(1888, 86.22527, 216.13461),(1889, 94.33424, 220.50137)]
USC00354670, [(1887, 30.09091, 183.98788),(1888, -12.547619, 125.519684)]
USC00456109, [(1880, 43.648647, 137.9581),(1881, 53.0988, 138.4521),(1882, 50.536987, 141.75616),(1883, 52.39726, 146.74246),(1884, 53.53552, 150.35793),(1885, 59.08493, 168.36438),(1886, 53.70411, 155.49315),(1887, 47.158905, 144.12054),(1888, 55.885246, 157.4754),(1889, 54.49315, 165.16164)]
USC00466207, [(1880, 80.82222, 176.125),(1881, 80.309586, 174.22466),(1882, 75.83288, 166.23561),(1883, -21.355556, 77.166664)]
USW00094728, [(1880, 75.7623, 156.98634),(1881, 73.44658, 152.56165),(1882, 73.39726, 146.64383),(1883, 62.873974, 139.9452),(1884, 75.69399, 149.17534),(1885, 64.59452, 143.36713),(1886, 66.49589, 148.81644),(1887, 64.60165, 146.4945),(1888, 57.22131, 136.847),(1889, 78.42466, 154.22466)]
