AGE00135039, [(1884, 126.606064, 215.27272),(1885, 140.95068, 239.10231),(1886, 143.33241, 227.46107),(1887, 142.07756, 221.58904),(1888, 136.02203, 220.09863),(1889, 125.587395, 212.137)]
AGE00147717, [(1880, 72.45628, 233.99178),(1881, 87.36713, 248.38083),(1882, 18.441668, 238.20547),(1883, 90.51786, 238.7738),(1884, 84.81421, 218.88701),(1885, 75.76415, 235.56937),(1886, 89.6431, 248.92128),(1887, 88.26849, 243.46153),(1888, 77.46557, 235.28926),(1889, 71.63636, 228.1982)]
ASN00035027, [(1889, 193.88608, 319.7037)]
ASN00038003, [(1888, 158.525, 328.07346),(1889, 176.67123, 329.94247)]
AU000005010, [(1880, 49.948086, 122.773224),(1881, 40.08493, 111.526024),(1882, 49.432877, 122.80822),(1883, 45.80274, 116.21918),(1884, 49.601093, 124.833336),(1885, 45.263012, 121.139725),(1886, 49.19452, 120.564384),(1887, 40.054794, 110.43288),(1888, 40.519127, 109.357925),(1889, 44.29041, 109.48493)]
CA001100120, [(1889, -13.595745, 65.319145)]
CA001105550, [(1880, 39.055866, 120.709496),(1881, 47.108635, 130.35933),(1882, -19.79661, 30.016949)]
CA004013480, [(1889, -88.67273, 52.1875)]
CA005012520, [(1883, -118.67826, 6.9),(1884, -82.37363, 41.797813),(1885, -75.15427, 53.0),(1886, -79.04384, 63.30959),(1887, -87.8, 51.7863),(1888, -82.4779, 47.467213),(1889, -66.65934, 88.85989)]
CA005062047, [(1884, NaN, -45.0),(1885, -315.8923, -215.30302)]
CA006055095, [(1882, -35.782608, 50.097828)]
CA006085023, [(1882, 88.64, 217.12),(1883, -95.42069, 47.23448),(1886, 17.489712, 141.38272),(1887, -47.839344, 113.935486),(1888, -35.21132, 108.45136),(1889, -38.403225, 119.78453)]
CA006102417, [(1880, 19.841217, 144.56537),(1881, 60.25641, 184.33186),(1882, -10.033233, 121.87987),(1883, -25.210228, 106.58754),(1884, -1.6254295, 134.73448),(1885, -36.710884, 113.55137)]
CA006108060, [(1880, -28.311476, 100.57923),(1881, -23.032877, 109.96165),(1882, -26.40274, 98.37808),(1883, -51.70685, 83.74246),(1884, -35.371586, 95.30875),(1885, -49.69863, 84.243835),(1886, -40.90137, 95.21644),(1887, -45.249313, 98.48767),(1888, -41.825138, 86.56011),(1889, -16.616438, 106.23836)]
CA006111375, [(1887, -51.127598, 100.74795),(1888, -44.704918, 86.8388),(1889, -20.183844, 105.49025)]
CA006119064, [(1886, -7.451087, 124.646736),(1887, -38.12877, 99.29863),(1888, -53.81694, 93.91809),(1889, -25.033613, 107.266106)]
CA006142284, [(1882, 7.8273973, 108.92329),(1883, -9.268011, 96.95349),(1885, -4.3076925, 96.36438),(1886, 5.9890413, 104.0411),(1887, 5.6986303, 109.34521),(1888, 2.2868853, 99.90164),(1889, 22.243835, 115.5863)]
CA006153192, [(1880, 32.546448, 140.34154),(1881, 17.849316, 148.863),(1882, 13.649315, 140.24384),(1883, 0.07945205, 125.90137),(1884, 10.376373, 137.3599),(1885, -5.8434067, 121.12088),(1886, 6.336986, 132.71233),(1887, -6.4408283, 136.55966),(1888, -58.508476, 55.78846)]
CA006164430, [(1880, 11.304478, 125.764175),(1881, 3.830137, 123.8137),(1882, -0.6328767, 113.945206),(1883, -20.779005, 97.59116),(1884, -9.9205475, 113.1978),(1885, -21.578083, 98.69589),(1886, -9.221918, 113.052055),(1887, -10.216438, 116.1452),(1888, -15.819673, 105.44536),(1889, 7.2027397, 113.89863)]
CA006165195, [(1886, -114.983604, -3.7868853),(1887, -38.936985, 115.81644),(1888, -41.37705, 100.53278),(1889, -15.849315, 117.48493)]
CA006166416, [(1880, 6.469178, 126.90909),(1881, 10.316994, 131.77777),(1882, 6.1121793, 122.77244),(1883, -7.728155, 107.915855),(1884, 11.141644, 123.11615),(1885, -7.942466, 110.51233),(1886, -3.6016483, 118.82143),(1887, -15.690751, 128.69862)]
CA007016280, [(1880, -14.005465, 90.327866),(1881, -5.6356163, 91.45206),(1882, -17.169863, 81.947945),(1883, -27.972603, 74.457535),(1884, -16.071234, 77.838356),(1885, -24.619179, 72.49315),(1886, -18.372602, 80.734245),(1887, -16.794521, 75.69863),(1888, -19.24317, 66.53825),(1889, 1.7369863, 85.73972)]
CA008104800, [(1880, 10.538251, 88.330605),(1881, 14.835616, 87.23836),(1882, 5.361644, 81.263016),(1883, -1.8969359, 86.85794),(1884, 0.23224044, 89.592896),(1885, -2.3917809, 91.63562),(1886, 3.6546962, 98.03867),(1887, -0.3808219, 92.0137),(1888, -0.06318682, 84.22527),(1889, 20.739725, 102.838356)]
CA008202198, [(1880, 14.647541, 111.0),(1881, 20.210958, 106.93973),(1882, 14.69337, 103.53591),(1883, 7.860274, 103.69863),(1884, 15.710382, 105.355194),(1885, 16.128767, 112.561646),(1886, 22.920547, 116.49041),(1887, 14.953424, 112.90685),(1888, 11.8087435, 101.510925),(1889, 35.372604, 125.545204)]
CA008401125, [(1880, -107.23967, -0.8),(1881, -7.678571, NaN),(1882, -19.424658, NaN),(1883, -33.29315, NaN),(1884, -138.8, NaN)]
CE000043497, [(1880, 237.01381, 306.53824),(1881, 239.47672, 302.8493),(1882, 236.92877, 301.34247),(1883, 233.9863, 300.21918),(1884, 233.153, 292.77322),(1885, 234.49315, 290.81097),(1886, 233.31506, 288.60114),(1887, 230.0685, 295.44885),(1888, 233.30602, 304.04645),(1889, 235.78082, 306.68768)]
EIE00101859, [(1880, 65.03278, 139.19672),(1881, 61.121815, 127.78754),(1882, 49.239132, 98.978264),(1883, 65.1185, 129.71098),(1884, 72.27123, 134.51366),(1885, 63.857533, 130.31506),(1886, 66.25479, 128.55617),(1887, 65.73972, 137.96712),(1888, 67.78177, 133.22589),(1889, 72.71703, 137.3544)]
HRE00105182, [(1880, 41.30657, 139.62408)]
RSM00027051, [(1883, -40.510868, NaN),(1884, -52.84, NaN)]
RSM00028275, [(1887, -149.83606, NaN),(1888, -51.743168, NaN),(1889, -49.994522, NaN)]
RSM00034110, [(1889, 0.1779661, 83.17796)]
UK000003026, [(1880, 54.51642, 110.76786),(1881, 40.909588, 98.95342),(1882, 51.19452, 107.44231),(1883, 49.3503, 105.910446),(1884, 50.994537, 109.407104),(1885, 41.230137, 99.89589),(1886, 39.29863, 102.2),(1887, 45.646576, 105.772606),(1888, 43.051914, 101.330605),(1889, 50.750687, 109.16712)]
UK000056225, [(1880, 59.967213, 134.11201),(1881, 55.228024, 132.8548),(1882, 64.473976, 138.30411),(1883, 62.02466, 136.50137),(1884, 64.825134, 144.28688),(1885, 54.172604, 129.56712),(1886, 55.80274, 129.59451),(1887, 46.005478, 129.0685),(1888, 52.0, 122.86885),(1889, 54.939728, 128.45206)]
USC00035754, [(1884, 203.66418, 299.26315),(1885, 206.44872, 315.71683),(1886, 182.11363, 309.21347),(1887, 181.53522, 311.07043),(1888, 185.86755, 308.92157),(1889, 156.71355, 270.1309)]
USC00053010, [(1880, -55.595627, 127.71858),(1881, -39.02466, 124.25205),(1882, -51.30137, 133.97528),(1883, -25.052631, 130.8125)]
USC00064767, [(1880, 42.420765, 156.2295),(1881, 42.80274, 153.10959),(1882, 36.441097, 147.33151),(1883, 28.48767, 145.51233),(1884, 39.874317, 150.3224),(1885, 31.342466, 148.68494),(1886, 35.764385, 148.39726),(1887, 36.449314, 148.23836),(1888, 28.478142, 137.22404),(1889, 53.52055, 151.2822)]
USC00092475, [(1886, -22.0, 289.0)]
USC00176655, [(1885, 86.89671, 142.33803),(1886, -6.649007, 41.43046)]
USC00191820, [(1885, 30.115068, 114.02466),(1886, 36.184067, 110.81868),(1887, 37.526947, 115.155685)]
USC00196770, [(1886, 48.909092, 168.32622),(1887, 28.750692, 132.81995),(1889, -30.0, -3.2258065)]
USC00200094, [(1889, 35.98148, 63.796295)]
USC00253035, [(1888, -51.65333, 102.15131),(1889, -21.957266, 133.06723)]
USC00264939, [(1885, 38.83989, 180.15169),(1886, 29.668493, 172.77808),(1887, 15.810959, 171.00822),(1888, 27.866072, 176.73512),(1889, -10.013245, 132.28477)]
USC00275880, [(1889, 65.594696, 176.07143)]
USC00275997, [(1887, -25.663717, 94.12389),(1888, -0.74013156, 124.875),(1889, 18.375, 141.11337)]
USC00474966, [(1880, 42.81421, 135.86339),(1881, 41.323288, 133.49042),(1882, 44.430138, 132.72328),(1883, 16.473972, 110.6411),(1884, 20.349728, 109.3224),(1885, 13.775343, 101.23014),(1886, 25.679453, 121.61918),(1887, 23.660275, 123.263016),(1888, 17.505465, 108.71038),(1889, 36.627396, 126.75069)]
USC00486120, [(1881, 211.0, 44.0)]
USW00024274, [(1880, 61.568306, 148.9754),(1881, 74.21918, 158.77808),(1882, 69.46301, 162.0137),(1883, 69.30685, 165.14795),(1884, 64.58743, 164.23224),(1885, 73.43014, 189.44658),(1886, 70.46027, 171.49315),(1887, 65.49863, 162.0685),(1888, 69.75683, 173.11201),(1889, 71.93425, 181.49315)]
USW00053875, [(1880, 114.5847, 207.7541),(1881, 115.652054, 211.85205),(1882, 115.97534, 208.4274),(1883, 113.83288, 214.16438),(1884, 107.991806, 208.3552),(1885, 97.772606, 197.06575),(1886, 92.25205, 199.30685),(1887, 104.66027, 215.75069),(1888, 105.27049, 211.54372),(1889, 102.95616, 213.33424)]
USW00093820, [(1887, -11.491803, 95.09836),(1888, 69.40947, 176.12708),(1889, 84.11429, 180.57428)]
