AGE00147712, [(1886, NaN, 170.0),(1887, 79.375, 230.41129),(1888, 106.988266, 249.09117),(1889, 91.066666, 215.94553)]
ASN00026026, [(1884, 94.87931, 187.10527),(1885, 93.16712, 182.4473),(1886, 91.879456, 187.35617),(1887, 94.06301, 187.19179),(1888, 91.42623, 189.24316),(1889, 94.78904, 191.25754)]
ASN00033046, [(1889, 224.1695, 291.15518)]
ASN00056017, [(1880, 75.89326, 225.6264),(1881, 67.2829, 220.68976),(1882, 60.141594, 221.11209),(1883, 52.16022, 232.49312),(1884, 72.869446, 241.19167),(1885, 116.52453, 243.46213),(1886, 100.75637, 230.65909),(1887, 99.03835, 208.98904),(1888, 89.43989, 220.39891),(1889, 113.900826, 215.0577)]
ASN00074128, [(1880, 85.58442, 233.4148),(1881, 77.698715, 235.7468),(1882, 85.4, 247.84839),(1883, 83.868164, 242.86494),(1884, 75.371796, 252.74359),(1885, 76.874596, 260.51767),(1886, 69.2508, 269.46945),(1887, 77.6859, 270.9393),(1888, 67.95806, 272.84567),(1889, 84.603226, 266.7871)]
CA003012195, [(1880, -39.476746, 76.27907),(1881, -70.7089, 44.437286),(1882, -53.177967, 75.056335),(1883, -64.55014, 71.593124),(1884, -60.01653, 78.65565),(1885, -42.40548, 96.16712),(1886, -53.556164, 83.16712),(1887, -76.25641, 65.29236),(1888, -47.06011, 77.540985),(1889, -15.112329, 116.60548)]
CA003033879, [(1886, 35.877453, 168.83333),(1887, -208.72882, -99.89831)]
CA003050520, [(1887, -193.41176, -74.17647),(1888, -134.19318, -7.034091),(1889, -86.039734, 59.7947)]
CA003072657, [(1883, -181.83133, -109.92683),(1884, -82.10685, 23.18956),(1885, -71.28532, 22.448467),(1886, -89.40496, -4.0027547),(1887, -188.125, -106.06009),(1888, -49.58362, 34.59155),(1889, -67.590256, 24.616045)]
CA004013400, [(1880, -278.1184, -142.58441)]
CA006105887, [(1880, 6.108333, 120.81111),(1881, -50.064518, 55.703224),(1882, -34.597828, 40.673912),(1883, -17.369864, 89.14246),(1884, -15.857534, 104.37808),(1885, -21.912329, 85.46301),(1886, -8.906849, 92.42466),(1887, -11.535714, 100.4533),(1888, -8.375342, 95.479454),(1889, 6.4821916, 112.07671)]
CA006107003, [(1885, 1.7967213, 129.3377),(1886, -21.5, 107.96338),(1887, -24.707989, 110.72176),(1888, -14.483965, 117.252174),(1889, -7.9159665, 121.88398)]
CA006110549, [(1880, 8.178572, 116.79945),(1881, 8.810439, 124.85989),(1882, 10.038462, 118.40659),(1883, -8.857534, 98.753426),(1884, 2.5835617, 109.11233),(1885, -10.376373, 93.72802),(1886, -0.32596686, 113.83933),(1887, 2.087912, 114.87637)]
CA006113660, [(1880, -42.067165, 86.32836),(1881, -36.815952, 115.24695),(1882, -32.38489, 122.36072),(1883, -29.222221, 97.04747),(1884, -8.479854, 108.82051),(1885, -90.37811, 29.218906)]
CA006136694, [(1880, 34.068306, 140.153),(1881, 32.950684, 141.92877),(1882, 33.575344, 127.3863),(1883, 9.926027, 126.075584),(1884, 19.978142, 126.333336),(1885, 6.260274, 112.89315),(1886, 21.58356, 125.08493),(1887, 23.69041, 124.87671),(1888, 16.398907, 110.1776),(1889, 33.079453, 125.50137)]
CA006139520, [(1880, 39.334396, 149.64012),(1881, 36.16933, 149.65495),(1882, 37.26282, 144.01282),(1883, 19.511183, 133.5623),(1884, 25.917198, 143.08598),(1885, 13.217253, 128.65495),(1886, 25.15655, 144.89456),(1887, 24.41853, 146.2524)]
CA006143780, [(1880, -35.15534, 59.220184),(1881, 27.395834, 128.03424),(1887, -51.77778, 35.28169),(1888, 7.518293, 121.52134)]
CA007050200, [(1880, 20.009615, 96.902916),(1881, -13.386431, 49.32941),(1882, -16.627398, 44.40274),(1883, -23.931507, 34.88493),(1884, -27.448088, 30.52459),(1885, -16.068493, 37.97534),(1886, -5.720548, 49.60822),(1887, -14.3068495, 40.019176),(1888, -7.076503, 47.598362),(1889, -0.4849315, 53.553425)]
CA008103100, [(1881, 50.29448, 112.37423),(1882, -90.08403, -22.361345)]
CA008104600, [(1880, 24.809525, 104.05191),(1881, 17.890411, 102.136986),(1882, 6.0082192, 98.35616),(1883, -2.9945207, 94.476715),(1884, 3.978142, 97.93716),(1885, -0.04109589, 97.224655),(1886, 4.6712327, 105.60822),(1887, 0.9424658, 100.2137),(1888, -0.10928962, 92.62295),(1889, 18.561644, 113.882195)]
CA008200300, [(1880, -15.714777, 96.01028),(1881, -3.6955128, 103.05769),(1882, 22.965986, 103.617546),(1883, -26.395061, 83.82645),(1884, -2.5532646, 106.42268),(1885, -111.72093, 3.011628)]
CA008401600, [(1880, 30.027323, 63.469944)]
DA000025140, [(1880, 55.58127, 113.04384),(1881, 36.89589, 91.91781),(1882, 59.20879, 109.73151),(1883, 52.049316, 105.841095),(1884, 56.494537, 113.79235),(1885, 46.07397, 100.40822),(1886, 46.032875, 100.41918),(1887, 42.60274, 99.67397),(1888, 41.0, 91.39071),(1889, 52.47945, 107.84657)]
GLE00100981, [(1880, -36.093876, NaN),(1881, -74.66576, NaN),(1882, -104.91507, NaN),(1883, -85.473976, NaN),(1884, -126.18611, NaN),(1885, -83.556816, NaN),(1886, -104.6137, NaN),(1887, -111.71954, NaN),(1888, -93.7459, NaN),(1889, -89.23288, NaN)]
GM000003319, [(1880, 61.97814, 140.35246),(1881, 48.38082, 125.21096),(1882, 59.33151, 137.98082),(1883, 41.334248, 129.48492),(1884, 46.688526, 137.30328),(1885, 41.463013, 126.40822),(1886, 39.00274, 131.13972),(1887, 49.657536, 121.66027),(1888, 45.48361, 115.983604),(1889, 55.936985, 124.82466)]
RSM00029263, [(1884, -60.827793, NaN),(1885, -75.18904, NaN),(1886, -66.70137, NaN),(1887, -73.16438, 163.77011),(1888, -77.4375, NaN),(1889, -78.34247, NaN)]
RSM00031369, [(1881, -260.82144, NaN),(1883, -14.766666, NaN),(1884, -83.46667, NaN),(1885, -79.15703, NaN),(1886, -61.00568, NaN),(1887, -64.48475, NaN),(1888, -60.906338, NaN),(1889, -59.17066, NaN)]
TSE00147769, [(1886, 140.38406, 233.26268),(1887, 116.95775, 231.71349),(1888, 117.39521, 231.70279),(1889, 116.2263, 229.27052)]
TSE00147775, [(1886, 168.51282, 254.18367),(1887, 155.98555, 229.3985),(1888, 157.72728, 219.51704),(1889, 145.60242, 236.15616)]
TX000038763, [(1883, 211.25, NaN),(1885, 56.59322, 199.0),(1889, 61.989132, NaN)]
USC00090430, [(1884, 129.4, 250.78775),(1885, 86.02466, 201.74794),(1886, 92.55068, 203.45206),(1887, 97.56712, 198.58083),(1888, 106.565575, 222.84427),(1889, 113.68493, 214.60274)]
USC00117391, [(1880, 151.64131, 281.93478),(1888, -43.580647, 53.451614),(1889, 44.654793, 158.46028)]
USC00192010, [(1885, 3.265625, NaN),(1886, -15.754144, 4.387097),(1887, 4.1611843, 112.52805),(1888, 18.754143, 128.9558),(1889, 39.01099, 144.87016)]
USC00195145, [(1888, 134.79507, 222.88333),(1889, 97.4058, 165.44174)]
USC00197122, [(1889, 180.55737, 244.4918)]
USC00215638, [(1886, -9.591781, 103.41209),(1887, -17.575342, 95.30685),(1888, -13.502732, 86.67397),(1889, 3.3369863, 115.52877)]
USC00263515, [(1887, -33.076923, 60.175),(1888, -2.4257426, 127.79),(1889, 105.20277, 261.6857)]
USC00271678, [(1884, -46.57377, 52.360657),(1885, 15.276712, 124.928764),(1886, 24.942465, 132.80273),(1887, 25.80822, 128.40274),(1888, 17.469946, 119.47814),(1889, 35.238358, 139.3901)]
USC00278440, [(1886, 30.936893, 178.15048),(1887, -8.063187, 133.70412),(1888, -10.844262, 121.7459),(1889, 0.0, 322.0)]
USC00278854, [(1885, 42.840374, 160.11058),(1886, 0.9494382, 113.878456),(1887, 5.8851542, 111.170586),(1888, -15.397553, 105.18983),(1889, 14.927008, 112.61925)]
USC00278875, [(1885, 44.902172, 150.23369),(1886, -106.0339, -32.135593)]
USC00300958, [(1886, 30.184782, 119.271736),(1887, 74.07756, 158.05278),(1888, 26.1133, 81.34359),(1889, 45.991737, 116.745766)]
USC00307633, [(1885, 82.13072, 154.86928),(1886, 63.057533, 142.01918),(1887, 65.53973, 144.24658),(1888, 57.47814, 136.0),(1889, 21.278145, 97.986755)]
USC00313228, [(1882, NaN, -27.0)]
USC00406012, [(1883, 20.5, 138.45)]
USC00413257, [(1880, 118.80601, 234.54645),(1881, 115.32464, 221.04347),(1882, 113.955414, 243.38535),(1883, -8.265306, 137.93878)]
USW00012945, [(1883, 196.23944, 325.92056),(1884, 192.85982, 313.47662),(1885, 198.58696, 301.08694),(1886, 197.00981, 306.40195),(1887, 192.65218, 317.19565),(1888, 193.45055, 297.3846)]
USW00014898, [(1886, -9.04918, 82.71311),(1887, 9.852055, 110.416435),(1888, 4.9590163, 98.5765),(1889, 22.060274, 113.27397)]
USW00023271, [(1880, 86.46027, 203.7863),(1881, 99.561646, 214.45479),(1882, 93.37363, 212.28021),(1883, 93.07945, 219.46849),(1884, 98.73497, 211.71039),(1885, 110.649315, 229.67671),(1886, 94.272224, 217.825),(1887, 87.87123, 228.08768),(1888, 97.72329, 230.53699),(1889, 96.44109, 225.2137)]
USW00053919, [(1883, 151.36, 293.5815),(1884, 153.5614, 293.20834),(1885, 172.93024, 301.9023),(1886, 174.64572, 306.13333),(1887, 118.45238, 316.38095),(1888, 116.6875, 242.25),(1889, 103.90323, 257.0645)]
USW00093852, [(1880, 174.2295, 259.01367),(1881, 173.59178, 257.90137),(1882, 174.90685, 258.60822),(1883, 175.69315, 260.79178),(1884, 167.94809, 255.37158),(1885, 159.42192, 247.27672),(1886, 155.86575, 245.43562),(1887, 155.53424, 252.7315),(1888, 159.48088, 257.34427),(1889, 151.29315, 253.62466)]
UZM00038457, [(1881, 116.0, 240.63838),(1882, 104.960266, 198.76923),(1883, 105.08088, 216.3503),(1884, 139.34445, 168.28477),(1889, -127.6129, NaN)]
