AGE00147708, [(1886, 128.05498, 255.47945),(1887, 113.0625, 235.28409),(1888, 112.20222, 235.26315),(1889, 100.53658, 227.95294)]
AGE00147720, [(1888, 56.672897, 219.38272),(1889, 51.635483, 214.63722)]
ASN00031010, [(1889, 228.96552, 306.90323)]
ASN00091049, [(1884, 108.5, 234.74074)]
AU000005901, [(1880, 57.128414, 138.9918),(1881, 47.90137, 122.95068),(1882, 61.057533, 142.06575),(1883, 54.241096, 128.27672),(1884, 56.595627, 135.52733),(1885, 54.057533, 136.69315),(1886, 55.747944, 133.94795),(1887, 49.16712, 124.8137),(1888, 45.445354, 121.6776),(1889, 52.186302, 123.263016)]
AU000006306, [(1880, 45.47541, 131.18306),(1881, 38.419178, 123.01918),(1882, 43.956165, 131.42465),(1883, 39.887672, 123.523285),(1884, 56.713116, 141.04918),(1885, 48.9863, 141.12877),(1886, 54.345207, 139.1452),(1887, 39.61096, 126.2),(1888, 44.20765, 128.18306),(1889, 46.61918, 125.734245)]
BE000006447, [(1880, 57.1612, 136.70218),(1881, 49.27671, 126.63287),(1882, 58.172604, 131.03288),(1883, 55.043835, 131.29863),(1884, 59.01639, 138.847),(1885, 47.2137, 126.41918),(1886, 53.20274, 132.16986),(1887, 41.435616, 120.69863),(1888, 44.385246, 117.39344),(1889, 52.07397, 124.136986)]
CA001167635, [(1882, -33.050846, 64.77966),(1883, 27.098803, 65.07547),(1884, 45.99635, 167.69708),(1888, 57.85811, 166.77026),(1889, 42.558075, 162.80846)]
CA004013030, [(1889, -7.787234, 134.41228)]
CA006101658, [(1888, 17.536724, 145.33708),(1889, -10.964383, 117.756165)]
CA006106362, [(1880, -8.404371, 114.7623),(1881, 1.4945055, 122.85989),(1882, -5.5290856, 110.3518),(1883, -23.267956, 99.43094),(1884, -17.72472, 106.73034),(1885, -18.187328, 103.06336),(1886, -6.23743, 108.90476),(1887, -14.443835, 109.04155),(1888, -92.503105, 25.012423)]
CA006149625, [(1880, 14.114754, 130.18033),(1881, 11.246575, 133.74246),(1882, 10.225275, 126.48627),(1883, -10.641457, 109.27731),(1884, 2.896175, 118.37978),(1885, -7.9643836, 104.51507),(1886, 4.526027, 117.16712),(1887, 5.4725275, 124.50824),(1888, -1.68306, 114.36339),(1889, 16.631868, 126.34066)]
CA006150243, [(1887, -6.315934, 106.89011),(1888, -18.06011, 92.333336),(1889, 1.1835617, 106.47123)]
CA007023240, [(1880, 5.546448, 105.39617),(1881, 6.9380283, 99.94648),(1882, 6.6768804, 99.22841),(1883, -11.355371, 90.92562),(1884, 0.33426183, 101.79945),(1885, -10.369863, 85.9863),(1886, -2.2054794, 97.3863),(1887, -7.0, 96.904106),(1888, -6.560109, 87.05738),(1889, 12.024657, 103.50959)]
CA007025280, [(1880, 10.734973, 110.991806),(1881, 20.58904, 111.58082),(1882, 12.953424, 98.178085),(1883, -1.969863, 89.47123),(1884, 9.327868, 98.068306),(1885, -0.5369863, 86.04658),(1886, 8.361644, 97.23836),(1887, 5.890411, 95.649315),(1888, 3.2240436, 85.93989),(1889, 21.70411, 102.7589)]
CA007095000, [(1885, -95.59715, 27.070353)]
CA008104500, [(1883, -47.57353, 73.10959)]
CE000434730, [(1880, 97.69851, 187.34328),(1881, 99.93956, 201.64835),(1882, 101.16438, 190.82466),(1883, 99.734245, 193.04109),(1884, 94.50546, 194.49454),(1885, 98.83791, 198.40384),(1886, 101.287674, 196.94505),(1887, 95.95616, 193.94246),(1888, 98.7377, 205.29507),(1889, 103.19835, 209.74794)]
DA000027080, [(1880, 43.31421, 109.773224),(1881, 29.758904, 91.955055),(1882, 58.624657, 112.67671),(1883, 50.813698, 104.59452),(1884, 56.46175, 109.13388),(1885, 43.87945, 101.99726),(1886, 42.947945, 103.90685),(1887, 40.857533, 102.65479),(1888, 34.885246, 90.300545),(1889, 49.10137, 106.69315)]
DA000030380, [(1880, 34.215847, 113.31148),(1881, 24.849316, 99.564384),(1882, 47.621918, 124.11507),(1883, 40.282192, 113.6),(1884, 45.35246, 121.15847),(1885, 30.153425, 112.40548),(1886, 32.4, 114.79178),(1887, 32.268494, 110.02466),(1888, 29.051912, 98.21038),(1889, 39.72603, 112.02192)]
EI000003969, [(1881, 44.263012, 123.841095),(1882, 50.956165, 129.35342),(1883, 45.221916, 126.17534),(1884, 53.729507, 130.72678),(1885, 43.624657, 121.3589),(1886, 47.868492, 121.1452),(1887, 44.068493, 127.53425),(1888, 46.81694, 120.55191),(1889, 51.449314, 127.734245)]
GM000010962, [(1880, 31.344263, 99.86612),(1881, 22.50411, 95.08219),(1882, 28.90959, 102.40822),(1883, 18.024658, 94.71781),(1884, 28.382513, 103.28962),(1885, 25.063013, 103.964386),(1886, 29.2, 100.53973),(1887, 18.515068, 87.04658),(1888, 23.857924, 90.70492),(1889, 21.717808, 89.331505)]
ITE00100554, [(1880, 91.98087, 175.0765),(1881, 89.879456, 172.10411),(1882, 93.928764, 176.99725),(1883, 86.67945, 166.51233),(1884, 88.87158, 173.54099),(1885, 92.712326, 170.7096),(1886, 93.4137, 173.64383),(1887, 82.10959, 165.12054),(1888, 83.199455, 166.24863),(1889, 85.68767, 168.30411)]
RSM00022845, [(1886, 0.6306306, NaN),(1887, -67.64239, NaN)]
RSM00028440, [(1881, -25.57485, NaN),(1882, -43.970955, NaN),(1885, -139.86885, -62.081966),(1886, -33.66849, 52.32055),(1888, -43.188526, 89.72541),(1889, -108.238686, 58.419178)]
SZ000006717, [(1880, -23.90164, 24.685793),(1881, -31.063013, 18.49863),(1882, -30.339725, 19.865753),(1883, -42.958904, 7.7945204),(1884, -41.248634, 12.879782),(1885, -43.80548, 14.967123),(1886, -49.945206, 20.09863),(1887, -58.019176, 15.706849),(1888, -52.240437, 17.23224),(1889, -54.164383, 10.586302)]
UPM00033587, [(1885, 12.885246, NaN),(1887, 25.369864, 127.73151),(1888, 20.065283, 127.183975),(1889, 16.19403, 103.96418)]
USC00015555, [(1880, 144.35793, 242.68579),(1881, 142.63835, 246.2822),(1882, 141.63014, 243.4137),(1883, 143.50685, 250.79178),(1884, 133.61201, 242.11201),(1885, 121.38356, 228.12054),(1886, 127.416435, 231.15343),(1887, 135.55617, 242.69589),(1888, 134.47267, 239.44536),(1889, 128.83014, 242.0548)]
USC00034251, [(1880, 124.70605, 217.84616),(1881, 129.92308, 224.0055),(1882, 129.87671, 219.36438),(1883, 121.39118, 222.88705),(1884, 116.27671, 218.35068),(1885, 114.9478, 219.4121),(1886, 104.473976, 204.95343),(1887, 113.04932, 225.16713),(1888, 110.41437, 212.5785),(1889, 117.198326, 218.96078)]
USC00061536, [(1885, 17.305296, 152.94637),(1886, 13.962617, 139.78438),(1887, -78.73729, 45.33898)]
USC00065445, [(1884, -44.408165, 36.208332),(1885, 2.6438355, 113.20548),(1886, 16.520548, 122.73972),(1887, -105.45763, -10.322034)]
USC00173046, [(1886, -3.3360655, 97.60656),(1887, 11.79178, 115.43014),(1888, 13.254098, 109.41257),(1889, 34.30411, 131.37534)]
USC00191097, [(1884, -26.216667, 59.566666),(1885, 38.872272, 133.72531),(1886, 41.17906, 132.97797),(1887, 41.460056, 132.12984),(1888, 33.376404, 120.95821),(1889, 52.113636, 136.90028)]
USC00195891, [(1886, -47.0, NaN),(1887, -47.5, 161.5)]
USC00198375, [(1884, -18.016394, 82.13115),(1885, 27.58356, 149.87123),(1886, 34.20548, 150.49863),(1887, 43.713467, 155.09117),(1888, 23.846575, 138.82466),(1889, 45.136986, 154.26302)]
USC00199731, [(1885, -32.814125, 72.14179),(1886, 21.972376, 122.22715),(1887, 16.177965, 119.36723),(1888, -13.395744, 114.78278)]
USC00262383, [(1889, 121.44351, 251.35538)]
USC00269430, [(1889, 120.91358, 246.52469)]
USC00319191, [(1883, 139.50467, 230.47144),(1887, 12.172414, 117.793106),(1888, 88.592285, 206.11845),(1889, 94.08611, 202.80609)]
USC00348285, [(1888, 22.0, 183.0)]
USC00367239, [(1884, 1.6065574, 209.34427),(1885, 35.974266, 111.26838),(1886, 40.97534, 119.5726),(1887, 36.791782, 145.43835),(1888, 29.887978, 148.04645),(1889, 47.657536, 161.98627)]
USC00383742, [(1884, 147.17757, 286.55606),(1885, 154.69022, 283.63043),(1886, 153.53659, 291.8),(1887, 155.66112, 296.32224),(1888, 147.19626, 281.06543),(1889, 133.11267, 262.51175)]
USC00419421, [(1883, 193.31776, 342.14487),(1884, 185.08095, 307.0379),(1885, 191.00543, 303.67935),(1886, 200.88718, 319.39487),(1887, 203.42392, 324.32608),(1888, 162.06406, 278.83273)]
USC00469368, [(1881, NaN, -180.5)]
USC00474375, [(1880, 37.86612, 131.7541),(1881, 44.19178, 130.03288),(1882, 46.48767, 130.15616),(1883, 19.465754, 107.31507),(1884, 31.677595, 117.83607),(1885, 27.128767, 113.1726),(1886, 38.49589, 133.27472),(1887, 20.471233, 128.69589),(1888, 13.368853, 109.172134),(1889, 29.269972, 133.90358)]
USW00013984, [(1885, 89.2, 211.97551),(1886, 45.219177, 170.03561),(1887, 48.40274, 176.9315),(1888, 45.37705, 175.0246),(1889, 55.561646, 176.96164)]
USW00023068, [(1884, 64.97006, 180.53593),(1888, 59.68085, 222.21277),(1889, 34.632877, 189.71507)]
