AGE00147719, [(1888, 93.0659, 265.20114),(1889, 87.18213, 260.07407)]
ASN00044022, [(1889, 116.39184, 257.2887)]
ASN00065016, [(1880, 112.327866, 264.84152),(1881, 103.78904, 247.46849),(1882, 110.526024, 252.31233),(1883, 98.29752, 238.74521),(1884, 84.03825, 241.94809),(1885, 95.59944, 259.08813),(1886, 94.630135, 237.76955),(1887, 89.51507, 336.90323),(1888, 90.10656, 270.7065),(1889, 130.53699, 239.29863)]
ASN00094029, [(1882, 69.814545, 148.36),(1883, 88.48209, 170.14958),(1884, 76.4478, 165.17403),(1885, 75.40274, 163.37808),(1886, 73.712326, 164.1315),(1887, 77.21096, 170.52328),(1888, 71.76923, 167.4011),(1889, 79.87671, 169.33699)]
CA001114620, [(1881, 38.68976, 138.11748),(1882, 35.854794, 134.5863),(1883, 37.712574, 145.69162)]
CA003031093, [(1881, -121.716415, 17.02985),(1882, -103.86325, 38.504272),(1884, -30.788044, 104.21739),(1885, -32.345505, 121.79214),(1886, -39.838356, 106.61918),(1887, -54.265755, 81.44383),(1888, -37.97541, 91.42623),(1889, -27.473972, 123.40274)]
CA003032680, [(1885, 40.857143, 173.06349),(1886, -73.32727, 65.509094)]
CA004016560, [(1883, -239.83871, -107.354836),(1884, -82.13661, 52.275955),(1885, -59.057533, 75.095894),(1886, -61.734245, 77.21096),(1887, -74.68767, 61.36986),(1888, -308.74194, -203.67741)]
CA004028035, [(1885, -108.41936, 1.8387097),(1886, -36.559227, 106.80716),(1887, -54.090412, 81.32329),(1888, -45.97814, 90.02186),(1889, -31.065754, 123.90137)]
CA006104185, [(1880, 24.311476, 126.30601),(1881, 24.424658, 127.70411),(1882, 24.51233, 121.16986),(1883, 4.189041, 101.5863),(1884, 16.497269, 106.96448),(1885, 3.6575344, 92.91233),(1886, 16.621918, 106.180824),(1887, 18.482191, 108.46301),(1888, 12.972677, 101.71584),(1889, 33.350685, 113.04658)]
CA006105976, [(1889, -59.52459, 13.95082)]
CA006111766, [(1885, 9.768595, 92.16529),(1886, 7.1150684, 113.07945),(1887, 2.649315, 115.52877),(1888, -18.263737, 103.48901),(1889, -1.558904, 115.969864)]
CA006111793, [(1881, 103.90909, 205.11363)]
CA006116254, [(1880, -5.874317, 105.12022),(1881, -1.8794521, 111.775345),(1882, -2.7369864, 104.0137),(1883, -28.39178, 88.10137),(1884, -14.84153, 101.39344),(1885, -31.216438, 86.70959),(1886, -13.90137, 99.72877),(1887, -18.709589, 101.59178),(1888, -22.931694, 89.86066),(1889, 4.0328765, 107.97808)]
CA006129850, [(1881, 73.15341, 184.27272),(1882, 23.88767, 127.79178),(1883, -3.0875707, 111.87671),(1884, 12.144809, 120.78689),(1885, -0.5287671, 106.457535),(1886, 14.013699, 119.70411),(1887, 15.542466, 124.6411),(1888, 7.644809, 112.41257),(1889, 26.336987, 127.61644)]
CA006142993, [(1880, 25.806011, 128.34973),(1881, 23.567123, 132.27672),(1882, 20.4, 125.36713),(1883, 0.07417583, 110.14561),(1884, 11.928767, 120.99178),(1885, -1.0328767, 105.44658),(1886, 13.120548, 121.44383)]
CA006148120, [(1881, -29.634615, 44.326923),(1882, 13.097701, 118.98276),(1883, -5.392157, 110.51117),(1884, -1.606414, 112.74635),(1885, -128.92436, -10.521367)]
CA006158065, [(1889, 36.268658, 127.53619)]
CA008100500, [(1880, -17.0, 87.61981),(1881, -56.850876, 44.01695),(1882, -21.206558, 98.72787),(1883, -48.422382, 75.35018),(1884, -27.67442, 93.61628),(1885, -22.202347, 100.80352),(1886, -23.392157, 104.14846),(1887, -35.766018, 95.369446),(1888, -24.79942, 101.84507),(1889, -2.2521245, 127.47025)]
CA008204480, [(1885, 4.576087, 141.56522),(1886, 0.87922704, 91.778305),(1887, -45.7191, 11.247191),(1888, -33.322582, 25.225807)]
CA008205698, [(1880, -2.456284, 99.13388),(1881, 7.6739726, 96.841095),(1882, 3.430137, 93.44658),(1883, -3.2986302, 96.90685),(1884, 1.5765027, 96.35246),(1885, 3.3232877, 102.23562),(1886, 17.345205, 110.8137),(1887, 8.230137, 103.04932),(1888, 6.7349725, 97.47814),(1889, 24.824657, 122.62192)]
DA000021100, [(1880, 49.885246, 106.38525),(1881, 33.315067, 84.863014),(1882, 57.33151, 106.416435),(1883, 49.77534, 100.416435),(1884, 57.874317, 107.76776),(1885, 45.10411, 93.99452),(1886, 42.875, 97.4137),(1887, 44.97808, 97.13425),(1888, 38.980824, 87.04918),(1889, 55.265755, 104.161644)]
HRE00105189, [(1880, 131.36339, 192.93443),(1881, 127.56712, 188.79726),(1882, 134.27124, 200.0685),(1883, 128.37808, 193.79178),(1884, 126.95082, 194.35246),(1885, 136.0767, 200.4411),(1886, 135.9863, 200.75069),(1887, 130.70685, 199.04657),(1888, 126.94536, NaN),(1889, 108.74586, NaN)]
ITE00100550, [(1880, 97.459015, 177.78415),(1881, 110.18356, 160.7315),(1882, 102.42466, 176.4822),(1883, 100.736984, 163.33424),(1884, 102.62022, 166.4754),(1885, 102.29863, 167.05205),(1886, 95.10411, 173.81918),(1887, 97.10137, 167.03836),(1888, 92.3388, 170.06284),(1889, 96.70137, 167.58904)]
RSM00022550, [(1881, -17.970695, 42.7326),(1882, -10.113772, 41.907185),(1883, -7.6164384, 45.11507),(1884, -31.76776, 23.106558),(1885, -32.81096, 30.389042),(1886, -11.715069, 39.843834),(1887, -17.073973, 40.81096),(1888, -40.106556, 17.956284),(1889, -8.0164385, 44.471233)]
RSM00023711, [(1888, -66.14851, NaN),(1889, -36.198677, NaN)]
RSM00030710, [(1887, -78.50685, 65.66027),(1888, -86.7377, 55.715847),(1889, -91.284935, 47.18904)]
UPM00033889, [(1887, 58.777473, 186.91539),(1888, 46.72329, 192.6),(1889, 40.193253, 143.70625)]
UPM00033976, [(1882, 101.2137, 150.6),(1883, 48.14151, 90.39151),(1885, 101.17534, 148.5589)]
USC00012386, [(1889, 95.36364, NaN)]
USC00034988, [(1883, 145.6129, 247.7742),(1884, 91.95879, 208.98901),(1885, 87.45429, 206.47934),(1886, -33.847458, 64.830505)]
USC00046115, [(1888, 175.22282, 320.63586),(1889, 145.0, 274.79343)]
USC00047738, [(1880, 109.674866, 188.77322),(1881, 117.14246, 200.00275),(1882, 115.23014, 197.0137),(1883, 124.55068, 205.00275),(1884, 120.98087, 200.82787),(1885, 129.38356, 210.36986),(1886, 125.16986, 198.1452),(1887, 123.27945, 195.46028),(1888, 131.82513, 199.18033),(1889, 127.40822, 212.01096)]
USC00174230, [(1885, -25.348837, 57.252872),(1886, 6.1088824, 112.81024),(1887, -24.786713, 75.11828),(1888, -6.5095787, 74.65267),(1889, 31.096676, 116.67273)]
USC00190595, [(1885, 79.8421, 165.40758),(1886, -1.5399061, 81.671364),(1887, -99.72414, -14.118644),(1888, 8.35082, 94.11475),(1889, 14.821138, 83.89431)]
USC00193625, [(1885, -3.5543478, NaN),(1886, 26.23077, NaN),(1887, 27.635616, NaN),(1888, 20.248587, 383.0),(1889, 41.88983, NaN)]
USC00194360, [(1885, 15.119565, 90.228264),(1886, 46.158905, 126.50959),(1887, 43.741756, 123.668495),(1888, 36.480873, 115.174866),(1889, 58.635822, 131.53134)]
USC00194795, [(1885, 74.33061, 178.58775),(1886, 32.88219, 138.87671),(1887, 36.90411, 136.32603),(1888, 25.161644, 125.94809),(1889, 45.487602, 142.58356)]
USC00201215, [(1889, 126.96774, 214.20967)]
USC00202466, [(1889, 149.1129, 272.2097)]
USC00252065, [(1889, 181.82051, 292.3707)]
USC00261395, [(1889, 86.73818, 205.38223)]
USC00268349, [(1888, -20.283186, 127.92036),(1889, -2.9541547, 151.49138)]
USC00271682, [(1880, 31.081966, 156.52733),(1881, 32.778084, 149.53151),(1882, 21.528767, 145.91232),(1883, 10.263014, 137.95343),(1884, 26.674864, 132.84973),(1885, 15.035617, 126.72329),(1886, 24.906849, 134.84932),(1887, 25.731506, 129.67123),(1888, 17.6694, 120.96175),(1889, 35.208218, 141.29315)]
USC00288878, [(1880, 101.07945, 175.0274),(1881, -44.61017, 28.644068),(1887, 130.93407, 196.07143),(1888, 90.25956, 158.39618),(1889, 99.350685, 171.54247)]
USC00338366, [(1880, 69.26503, 153.38524),(1881, 70.30137, 151.23013),(1882, 66.42466, 147.68219),(1883, 47.663013, 137.59451),(1884, 55.691257, 144.34973),(1885, 40.252056, 128.5726),(1886, 40.887672, 138.72328),(1887, 46.00274, 142.79453),(1888, 39.459015, 134.347),(1889, 53.441097, 145.90685)]
USC00464897, [(1889, 108.37238, 184.94978)]
USW00013736, [(1880, 77.72131, 171.68852),(1881, 79.78356, 174.22192),(1882, 75.69589, 166.10411),(1883, -21.188889, 77.522224)]
USW00093725, [(1880, 82.8224, 184.05191),(1881, 75.76347, 173.64072),(1882, 82.19726, 177.30685),(1883, 74.31507, 175.42465),(1884, 81.10383, 182.10382),(1885, 55.460274, 168.29315),(1886, 71.98082, 137.47945),(1887, 79.30411, 176.41096),(1888, 73.04645, 169.28415),(1889, 83.17534, 175.2137)]
