AGE00147713, [(1880, 79.93939, 207.63287),(1881, 79.34247, 214.39178),(1882, 69.04155, 210.4762),(1886, 97.62949, 222.97491),(1887, 82.695786, 205.9816),(1888, 74.66102, 203.21307),(1889, 69.14559, 173.63637)]
ASN00014016, [(1885, 230.32239, 328.12836),(1886, 237.4822, 334.35617),(1887, 227.14247, 325.87396),(1888, 234.34154, 336.32242),(1889, 240.53151, 339.99725)]
ASN00048030, [(1881, 90.048386, 275.87747),(1882, 112.65651, NaN),(1883, 104.31507, 290.47632),(1884, 104.02012, 324.625),(1885, 108.19219, 286.26126),(1886, 110.1452, 270.6685),(1887, 105.5863, 284.56985),(1888, 128.22404, 299.34152),(1889, 154.96986, 288.1863)]
ASN00052026, [(1880, 127.46667, 278.89722),(1881, 127.75845, 269.9466),(1882, 115.3125, 297.5567),(1883, 115.74551, 275.1557),(1884, 133.22191, 290.69125),(1885, 125.452515, 280.55127),(1886, 128.68219, 258.21368),(1887, 123.753426, 253.61905),(1888, 122.95028, 265.27197),(1889, 140.58678, 250.08264)]
ASN00055023, [(1880, 49.127945, 287.19864),(1881, 66.81848, 289.34653),(1882, 111.655304, 296.70074),(1883, 122.5541, 270.28268),(1884, 128.62646, 261.02353),(1885, 126.49683, 248.75949),(1886, 121.34722, 239.02315),(1887, 116.90283, 231.05263),(1888, 127.4, 267.94467),(1889, 142.41597, 281.35294)]
ASN00090015, [(1880, 104.39617, 193.89891),(1881, 102.0, 190.62466),(1882, 100.55068, 192.75069),(1883, 104.08219, 200.09688),(1884, 96.78595, 188.4039),(1885, 91.0814, 181.62259),(1886, 103.85596, 186.70084),(1887, 106.016525, 182.42517),(1888, 103.97541, 181.23627),(1889, 108.27945, 185.81714)]
AU000015410, [(1886, -134.42622, -80.491806),(1887, -98.054794, -49.835617),(1888, -92.24044, -45.35519),(1889, -92.989044, -49.030136)]
CA001104468, [(1880, 32.54019, 117.016075),(1881, 46.33482, 142.1239),(1882, -7.285714, 64.166664)]
CA005023243, [(1880, -65.84426, 57.47541),(1881, -58.49315, 71.68767),(1882, -50.40822, 72.06575),(1883, -80.62192, 47.457535),(1884, -65.04372, 44.095627),(1885, -61.89863, 60.471233),(1886, -60.813698, 75.83288),(1887, -73.50411, 63.920547),(1888, -62.30328, 64.80875),(1889, -45.145206, 92.34247)]
CA006046588, [(1880, -53.23224, 65.81421),(1881, -37.47945, 77.72877),(1882, -33.671234, 78.12603),(1883, -68.17534, 61.58356),(1884, -54.775955, 64.827866),(1885, -54.772602, 57.772602),(1886, -44.720547, 68.16986),(1887, -49.769863, 63.98904),(1888, -50.31694, 59.56011),(1889, -29.126028, 85.24931)]
CA006075400, [(1880, -72.24793, 34.922867),(1881, -67.23615, 41.081635),(1882, -189.00757, -64.71212),(1889, -127.341774, -27.696203)]
CA006094450, [(1880, 5.431694, 98.092896),(1881, -8.095238, 86.96667),(1886, 30.01724, 124.9885),(1887, -7.598338, 101.16389),(1888, -9.028011, 87.2465),(1889, 14.408219, 108.74521)]
CA006142252, [(1889, 24.798742, 117.99371)]
CA006143083, [(1881, 86.99555, 183.19574),(1882, 28.480556, 119.77285),(1883, 4.8983517, 107.31593),(1884, 5.2868853, 120.51913),(1885, -13.572727, 99.21212),(1886, 4.6246576, 118.62466),(1887, 6.0164833, 121.96419),(1888, 0.4834254, 110.89532),(1889, 9.389972, 126.08101)]
CA006150913, [(1880, 27.15864, 120.84426),(1881, 22.715069, 124.649315),(1882, 12.510264, 109.32059),(1883, -1.6712328, 101.33424),(1884, 6.4153004, 111.94536),(1885, -12.138643, 91.79464),(1886, 4.221591, 109.4302),(1887, 6.3370786, 118.50141),(1888, 4.5710382, 110.03552)]
CA006160465, [(1882, -54.5618, 46.704544),(1883, -43.554913, 82.54913),(1884, -35.95, 100.429825),(1885, -42.508984, 96.9039),(1886, -155.41573, -13.910112),(1889, -58.219513, 35.256096)]
CA007021954, [(1880, 43.382076, 145.9953),(1881, -1.7743733, 109.73184),(1882, -11.913889, 101.48055),(1883, -24.082872, 97.223755),(1884, 2.6149426, 106.1726),(1885, -20.330532, 98.806725),(1886, -13.456583, 111.30812),(1887, -11.742515, 112.23653)]
CA007050790, [(1881, -8.498245, 50.14386),(1882, -7.1671233, 62.221916),(1883, -8.832877, 65.28219),(1884, -11.901639, 58.349728),(1885, -4.1178083, 66.15069),(1886, 5.10137, 73.67945),(1887, -4.2493153, 65.61096),(1888, -3.180328, 65.1612),(1889, 7.271233, 76.8)]
CA007061440, [(1880, -151.44827, 11.415585),(1881, -78.12308, 30.653847),(1882, -40.893105, 87.53793),(1883, -41.263344, 90.1),(1884, -42.50775, 60.341774),(1885, -48.113575, 65.66575),(1886, -41.215908, 70.076706),(1887, -39.875362, 72.594284),(1888, -40.421204, 71.9885),(1889, -27.580736, 86.806816)]
CA008105600, [(1886, -101.64151, -0.4716981),(1887, -26.967846, 94.81957),(1888, -14.170213, 87.21326),(1889, 2.936747, 112.89714)]
CA008204420, [(1881, 6.4268656, 92.620895),(1882, 5.446575, 91.55342),(1883, 8.778082, 101.23288),(1884, 8.480874, 100.62569),(1885, 15.79452, 112.073975),(1886, 27.42033, 129.29396),(1887, 12.868493, 107.6),(1888, 9.63388, 97.674866),(1889, 31.073973, 121.66576)]
CA008403635, [(1889, 55.349754, 126.0936)]
EZE00100082, [(1880, 58.71858, 130.62569),(1881, 47.778084, 116.31507),(1882, 61.27397, 129.17809),(1883, 55.19452, 122.53973),(1884, 60.14481, 130.06557),(1885, 56.967125, 128.10684),(1886, 58.89315, 128.96439),(1887, 48.942467, 116.68219),(1888, 49.270493, 116.44536),(1889, 56.164383, 120.59178)]
GM000004199, [(1880, 40.262295, 124.02732),(1881, 34.27671, 119.81644),(1882, 38.50411, 126.53973),(1883, 36.52329, 119.56712),(1884, 42.546448, 128.96448),(1885, 36.31781, 125.80548),(1886, 41.22466, 126.6137),(1887, 28.063013, 112.16712),(1888, 33.062843, 113.28689),(1889, 35.7863, 112.79726)]
KZ000035700, [(1881, 24.426086, NaN),(1882, -116.3871, NaN),(1885, -0.8114754, 43.081394),(1886, NaN, 118.646576),(1887, NaN, 244.11382)]
RSM00024944, [(1882, -168.70909, NaN)]
RSM00024959, [(1888, 9.462963, 127.97619),(1889, -110.34909, NaN)]
RSM00026063, [(1881, -8.347945, 67.18956),(1882, 13.013699, NaN),(1883, 4.638356, 69.975204),(1884, -2.0054646, 70.81967),(1885, 3.4849315, 78.12329),(1886, 11.358904, 81.69863),(1887, 15.736986, 80.80548),(1888, -16.688524, 56.87978),(1889, 8.1452055, 78.76986)]
RSM00026477, [(1881, -25.818792, 53.682274),(1882, 22.011204, 94.0028),(1883, 17.175825, 97.319855),(1884, 15.417956, 107.80746),(1885, 20.387196, 107.60551),(1886, 6.4664803, 97.801674),(1887, 21.936508, 109.66032),(1888, -22.275862, 73.25313),(1889, 3.8550725, 106.231674)]
RSM00034163, [(1884, -20.765028, NaN)]
RSM00034880, [(1881, 48.720547, 138.42192),(1882, 58.90137, 149.0),(1883, 50.865753, 149.44383),(1884, 49.14754, 143.53552),(1885, 46.378082, 150.33972),(1886, 8.458564, 111.61878),(1889, -113.19355, -62.51613)]
RSM00037472, [(1882, 83.22802, NaN),(1883, 83.6, NaN),(1884, 79.05464, NaN),(1885, 53.98311, NaN),(1886, 84.030136, NaN),(1887, 92.50959, NaN),(1888, 85.39891, NaN),(1889, 82.818184, NaN)]
TS000060765, [(1887, 122.47802, 258.53296),(1888, 99.45055, 229.34807),(1889, 137.02191, 256.39725)]
UK000047811, [(1880, 53.35519, 123.800545),(1881, 46.0137, 115.1452),(1882, 53.4274, 123.5726),(1883, 46.665752, 121.46301),(1884, 49.628414, 129.3552),(1885, 44.060272, 120.25754),(1886, 46.027397, 116.78356),(1887, 46.452053, 123.67945),(1888, 46.28142, 119.22951),(1889, 54.19452, 125.331505)]
USC00034562, [(1883, 162.86441, 302.7346),(1884, 163.15237, 304.03738),(1885, 154.01935, 311.53888),(1886, 177.35658, 321.07043),(1887, 154.10185, 320.96667),(1888, 199.92929, 310.11243),(1889, 158.89221, 286.47513)]
USC00067361, [(1884, -41.01639, 58.01639),(1885, 24.964285, 132.81593),(1886, 27.63142, 131.42296),(1887, 34.06868, 139.78021),(1888, 24.352459, 126.12842),(1889, 48.87052, 145.6281)]
USC00068138, [(1888, 63.523365, 167.39252),(1889, 40.79726, 129.39221)]
USC00090284, [(1883, -25.0, NaN),(1884, -26.95, 361.0),(1887, -24.375, NaN),(1888, -22.142857, NaN),(1889, -20.130434, NaN)]
USC00175070, [(1885, 118.3871, 239.21875),(1886, -109.10526, 205.42857),(1887, -3.625, 242.1),(1888, -21.7, 226.33333),(1889, -33.22222, 235.21428)]
USC00177827, [(1887, 10.390729, 108.95395),(1888, -180.4, -53.6)]
USC00198374, [(1885, 71.646736, 176.79738),(1886, 38.07123, 157.39452),(1887, 40.714287, 153.8548),(1888, 19.57705, 126.57377),(1889, 56.972603, 157.09863)]
USC00275072, [(1885, 62.70909, 179.57819),(1886, 37.77124, 157.79738),(1887, 19.231197, 123.18994),(1888, 15.942424, 123.13433),(1889, 28.70122, 132.54955)]
USC00276944, [(1887, -44.054348, 60.760868),(1888, -13.532787, 112.328766)]
USC00316103, [(1882, 124.78261, NaN)]
USC00318500, [(1887, 21.622223, 130.58888)]
USC00354506, [(1887, 35.75472, 187.32076),(1888, -9.5, 110.31651),(1889, 20.491735, 159.85185)]
USC00413270, [(1880, 71.58678, 215.95868)]
USC00464045, [(1883, 88.4, 200.74286),(1884, 50.076504, 166.94536),(1885, 40.27397, 148.18407),(1886, 49.153423, 158.39726),(1887, 59.90685, 167.1726),(1888, 59.783382, 148.31421),(1889, -20.903225, 65.064514)]
USW00014936, [(1881, 45.29348, 161.40218),(1882, 5.947945, 133.31781),(1883, -10.89863, 114.93699),(1884, -10.092896, 119.857925),(1885, -1.6465753, 122.10685),(1886, -6.978082, 130.44931),(1887, -13.158904, 121.62466),(1888, -14.172132, 120.04645),(1889, 0.39726028, 138.47397)]
USW00024128, [(1880, 2.9201183, 172.28995),(1881, 17.4, 173.41096),(1882, 4.421918, 159.96439),(1883, -29.644579, 123.53012),(1884, -51.48387, 66.32258),(1885, 33.364384, 180.79178),(1886, 17.131506, 177.41917),(1887, 7.3068495, 178.7315),(1888, 19.909836, 178.39618),(1889, 20.668493, 179.09041)]
UZM00038618, [(1881, -9.8, NaN),(1882, 55.016666, NaN),(1883, 68.416435, NaN),(1884, 65.8224, NaN),(1888, 83.08743, NaN),(1889, 64.32055, NaN)]
