AGE00147718, [(1880, 147.8825, 306.60785),(1881, 157.99701, 283.81232),(1882, 139.66576, 271.76987),(1883, 127.0411, 274.22253),(1885, 147.18663, 270.06406),(1886, 145.8599, 266.39246),(1887, 142.98077, 268.56656),(1888, 152.98334, 277.3389),(1889, 145.09041, 268.71625)]
ASN00048013, [(1880, 123.735466, 283.2093),(1881, 139.91243, 273.59323),(1882, 146.96439, 278.4548),(1883, 145.31667, 288.65277),(1884, 149.28142, 288.31693),(1885, 132.01373, 297.67325),(1886, 127.03835, 289.99725),(1887, 126.83014, 272.8274),(1888, 124.4235, 306.82788),(1889, 138.6274, 293.47397)]
ASN00063004, [(1880, 64.68939, 202.01521),(1881, 61.5229, 202.04962),(1882, 66.51938, 210.2278),(1883, 58.868217, 203.09653),(1884, 62.446156, 216.15),(1885, 62.130436, 219.44962),(1886, 66.74525, 211.3536),(1887, 70.53077, 198.77692),(1888, 55.088802, 228.84943),(1889, 71.66154, 223.46153)]
ASN00072151, [(1880, 90.64122, 241.63846),(1881, 89.10526, 225.0),(1882, 63.446564, 228.23282),(1883, 49.289574, 227.58687),(1884, 74.73817, 241.02524),(1885, 80.72758, 240.53177),(1886, 83.14286, 218.99294),(1887, 69.52631, 232.83458),(1888, 48.475098, 255.81992),(1889, 93.146065, 249.98877)]
ASN00086071, [(1880, 99.34153, 194.05191),(1881, 95.265755, 194.91507),(1882, 95.13425, 198.48492),(1883, 97.671234, 199.92055),(1884, 92.669395, 192.90164),(1885, 95.03835, 189.72603),(1886, 90.457535, 191.16713),(1887, 99.772606, 190.45753),(1888, 92.989075, 192.77869),(1889, 99.66027, 195.30959)]
CA001090660, [(1888, -22.35224, 110.15625),(1889, -21.296398, 80.16067)]
CA004019070, [(1884, -90.08439, 33.244724)]
CA005010977, [(1889, -45.238358, 83.82466)]
CA005012279, [(1886, -31.484663, 115.368904),(1887, -128.82166, 67.60915),(1888, -48.955055, 64.88764),(1889, -11.343971, 124.696754)]
CA005012540, [(1885, -10.889796, 133.30452),(1886, -60.68956, 94.630135),(1887, -68.47123, 77.0989),(1888, -63.49727, 78.03552),(1889, -42.52055, 108.90137)]
CA006092915, [(1882, -104.16071, -16.767857)]
CA006118187, [(1888, 48.00483, 149.47847),(1889, -6.9686522, 94.96865)]
CA006137147, [(1885, -12.209302, 69.23529),(1886, 16.284122, 129.47354),(1887, 17.754822, 132.5482),(1888, 6.5491805, 121.83607),(1889, 24.052055, 138.00822)]
CA006137735, [(1880, 25.694267, 138.34076),(1881, 23.910543, 137.15974),(1882, 24.883871, 129.33226),(1883, 8.968153, 119.56688),(1884, 14.041533, 126.98722),(1885, 4.779553, 108.78594),(1886, 18.361023, 118.03834),(1887, 19.30032, 124.69649),(1888, -123.8125, -27.395834)]
CA006141095, [(1880, -1.6133333, 124.01945),(1881, 18.728022, 129.10469),(1882, 17.381502, 119.92174),(1883, -5.837989, 103.128136),(1884, 1.1291208, 118.90934),(1885, 13.86, 131.32),(1886, 6.3455057, 120.35028),(1887, 6.5833335, 126.91944),(1888, 0.78370786, 113.72472),(1889, 16.911428, 120.76791)]
CA006144470, [(1880, 24.258242, 116.28333),(1881, 26.058283, 134.52147),(1882, 19.738602, 124.78354),(1883, 0.6646884, 112.87761),(1884, -0.08256881, 117.43293),(1885, -6.3058825, 105.81232),(1886, -6.6094275, 102.138985),(1887, 1.1628665, 108.96405),(1888, -9.537267, 99.62696),(1889, -7.3157897, 94.552635)]
CA006148100, [(1880, 15.829609, 119.49162),(1881, 13.808219, 129.16438),(1882, 5.047198, 108.42183),(1883, -5.742466, 104.1726),(1884, 3.9972603, 114.60274),(1885, -7.5917807, 98.19452),(1886, 8.073973, 111.49041),(1887, 3.4515235, 115.42382),(1888, -1.5867769, 105.58127)]
CA006164297, [(1880, 32.268597, NaN),(1881, 13.9013605, NaN),(1882, 10.002898, NaN),(1883, -17.370588, 155.65437),(1884, -6.3079267, 153.27678),(1885, -26.06688, 100.611885),(1886, -22.510136, 129.48598),(1887, -21.567308, 84.543045),(1888, -17.842262, 94.24405),(1889, 14.424242, 114.32783)]
CA008200150, [(1880, -57.935482, NaN),(1881, -39.26776, 17.785715),(1882, -14.825, 114.31899),(1883, -25.854166, 119.88333),(1885, 24.32258, 139.64516),(1886, -45.5473, 80.61487),(1887, 69.51724, 197.17241),(1888, -82.93939, 6.967742)]
CA008205988, [(1880, -6.4016395, 113.03825),(1881, -0.862259, 107.98619),(1882, -5.4585633, 103.91736),(1883, -20.635258, 94.42945),(1884, -3.284507, 104.467964),(1885, -3.9519775, 112.57062),(1886, 7.198895, 117.35812),(1887, -3.3333333, 110.31933),(1888, -2.0690608, 100.85635),(1889, 17.818182, 125.12948)]
CYE00100074, [(1881, 138.73793, 275.95972),(1882, 84.61582, 220.86525),(1883, 67.87037, 262.36163),(1884, 97.44267, 266.18784),(1885, 119.03371, 274.87772),(1886, 108.99178, 274.6868),(1887, 118.904106, 262.61917),(1888, 124.931694, 257.57922),(1889, 135.24786, 263.0412)]
GG000037545, [(1881, 73.63287, NaN),(1882, 79.655685, NaN),(1883, 75.44383, NaN),(1884, 71.196724, NaN),(1885, 74.161644, NaN),(1886, 72.37808, NaN),(1887, 77.95616, NaN),(1888, 77.9235, 215.14131),(1889, 92.71856, 200.03893)]
GM000002698, [(1880, 57.15574, 142.30875),(1881, 53.40822, 137.70412),(1882, 58.08767, 137.28493),(1883, 58.70137, 136.61917),(1884, 62.898907, 146.9918),(1885, 51.30411, 138.43562),(1886, 56.032875, 144.46301),(1887, 38.69315, 128.96986),(1888, 46.079235, 126.95082),(1889, 54.813698, 128.9178)]
HR000142360, [(1881, 62.336987, 139.58356),(1882, 74.46849, 159.60548),(1883, 64.29041, 143.77534),(1884, 68.775955, 149.39618),(1885, 75.21918, 156.75891),(1886, 71.19658, 149.21938),(1887, 65.843834, 146.31233),(1888, 58.734974, 139.34427),(1889, 67.40548, 138.34247)]
KZ000038198, [(1882, 99.702705, NaN),(1883, 69.478874, NaN)]
UPM00033345, [(1881, 14.753289, 83.98684),(1882, 36.065754, 115.91233),(1883, 20.2006, 93.161674),(1884, 39.88487, 107.023026),(1885, 34.569862, 116.33424),(1886, 25.876713, 110.15343),(1887, 33.41644, 114.2411),(1888, 15.068306, 104.36885),(1889, 32.038357, 112.49315)]
USC00033466, [(1887, -13.774194, 141.78572),(1888, 95.37808, NaN),(1889, 99.80495, 246.2052)]
USC00144559, [(1880, 48.945053, 91.42857),(1881, 88.07843, -352.52112)]
USC00194875, [(1885, 7.558904, 136.33699),(1886, 13.249315, 142.2822),(1887, 15.819178, 142.35617),(1888, 7.2540984, 131.31694),(1889, 40.49258, 160.48071)]
USC00200032, [(1887, -42.79452, 78.27027),(1888, 9.364384, 140.16394),(1889, 6.372093, 118.8543)]
USC00207097, [(1889, 46.596775, 155.43549)]
USC00254812, [(1882, -28.425, -256.275)]
USC00267835, [(1887, -44.5, 147.88524),(1888, 66.13333, 322.13333)]
USC00277060, [(1886, 29.15319, 166.86667),(1887, 3.2344322, 125.289375)]
USC00324418, [(1881, 167.0, 283.0)]
USC00435733, [(1887, 18.284313, 131.48692),(1888, -10.702186, 95.71038),(1889, 9.10137, 112.40822)]
USC00481816, [(1881, 100.0, 267.0)]
USW00013872, [(1880, 15.403846, 116.113205),(1887, 79.34979, 184.89713),(1889, 73.399445, 190.60056)]
USW00014838, [(1880, 4.912568, 105.44262),(1881, 2.5835617, 79.50411),(1882, 14.950685, 106.538925),(1883, -32.83288, 82.0137),(1884, -97.7459, 9.0737705),(1885, 14.065574, 108.99346),(1886, -0.8109589, 97.94247),(1887, 9.625749, 103.065865),(1888, -10.327868, 75.57923),(1889, 13.389041, 96.010956)]
